Physical Chip 0
0004 0C00 1C05 0302 0010 0904 0302 1801 0501 0400 0008 0000 0C10 0200 0200 0012
1000 0000 040C 0000 0110 0008 1108 0508 0516 0500 0810 0800 0000 1415 0000 1410
0010 0200 0202 2001 1201 0016 0801 0808 0000 0400 2004 0000 0601 0002 0100 0000
0402 0200 080C 000A 0500 0508 0004 0400 0A00 0840 0001 0400 0008 0002 0501 0008
0000 0080 0000 0000 0000 0000 0000 0800 0000 0000 0000 0000 0000 0000 0000 0000
0000 0000 0000 0000 0000 0000 0000 0000 0000 0000 0000 0000 0000 0000 0000 0000
0000 0000 0000 0000 0000 0000 0000 0000 0000 0000 0000 0000 0000 0000 0000 0000
0000 0000 0000 0000 0000 0000 0000 0000 0000 0000 0000 0000 0000 0000 0000 0000
0000 0000 0000 0000 0000 0000 0000 0000 0000 0000 0000 0000 0000 0000 0000 0000
0000 0000 0000 0000 0000 0000 0000 0000 0000 0000 0000 0000 0000 0000 0000 0000
0000 0000 0000 0000 0000 0000 0000 0000 0000 0000 0000 0000 0000 0000 0000 0000
0100 0000 0000 0000 0000 0000 0000 0000 0000 0000 0000 0000 0000 0000 0000 0000
0000 0000 0000 0000 0000 0000 0000 0000 0000 0000 0000 0000 0000 0000 0000 0000
0000 0000 0000 0000 0000 0000 0000 0000 0000 0000 0000 0000 0000 0000 0000 0000
0000 0000 0000 0000 0100 0000 0000 0000 0000 0000 0000 0000 0000 0000 0000 0000
0000 0000 0000 0000 0000 0000 0000 0000 0000 0000 0000 0000 0000 0000 0000 0000
0000 0000 0000 0000 0000 0000 2000 0000 0020 2001 4010 0000 0010 0000 0200 0008
0200 2000 4008 0000 0800 0040 0020 0000 000A 0005 0001 0020 0100 1000 0440 8008
0081 0000 2080 0000 0102 0280 0020 1421 0008 0000 0000 0002 0008 0000 0000 0004
1010 0002 0000 0000 0000 0004 0044 0105 0002 0104 0800 0000 1000 0000 1000 0008
1000 0000 0A00 8000 0000 0300 0008 4000 0000 0500 0000 0084 0018 0000 2200 0000
8002 0000 0020 0100 0410 0000 0081 0041 0080 0000 0000 0020 1801 0400 0000 0040
8000 0000 0002 0004 0402 2804 0000 0010 0000 0010 0020 0100 0080 0000 0000 0214
9000 0000 0000 0000 C000 0000 0000 024B 8400 0000 0000 0000 0000 0040 0000 0000
0400 10A0 0041 0020 0080 0000 0001 0900 4000 0000 8084 0100 0083 0400 1000 4008
0000 0000 0120 0600 4000 0000 0020 1000 0100 0040 0800 0000 0000 0012 A000 8200
8000 0200 0000 0010 0020 0000 0228 0000 0800 0000 0000 0414 4000 0000 4000 0101
0801 0004 0000 0000 0000 1000 0040 0001 002A 4000 0000 1000 A002 0001 8020 2000
0000 0090 0010 0001 0008 0010 0202 0020 0209 0804 0200 0810 0608 0040 8800 0000
0004 0005 0000 0000 1020 0401 00C0 2000 8000 0600 0242 0840 0004 8400 8400 0100
0008 0000 08C4 2010 0400 0000 0041 0000 2000 0400 0100 0080 0400 0021 6008 0800
0020 0000 0000 0200 0000 4000 0000 0020 1010 4002 0000 4005 2010 0100 0610 0000
0000 0000 0000 0000 0000 0000 0000 0000 0000 0000 0000 0000 0000 0000 0000 0000
0000 0000 0000 0000 0000 0000 0000 0000 0000 0000 0000 0000 0000 0000 0000 0000
0000 0000 0000 0000 0000 0000 0000 0000 0000 0000 0000 0004 0000 0000 0000 0000
0001 0000 0000 0000 0000 0100 0003 0004 0000 0000 0000 0000 0000 0109 0000 0900
0000 0000 0000 0000 0000 0000 0000 0000 0000 0400 0000 0000 0000 0000 0000 0000
0000 0001 0000 0000 0000 0000 0000 0000 0000 0000 0000 0200 0000 0000 0000 0001
0000 0100 0000 0000 0000 0000 0000 0C00 0000 0000 0104 0400 0200 0001 0000 0000
0000 0000 0000 0000 0002 0000 0000 0000 0000 0000 0000 0100 0000 0000 0000 0000
0002 0000 0000 0000 0008 0000 0200 0000 0000 0000 0000 0000 0009 0000 0000 0000
0000 0000 0000 0000 0000 0000 0000 0000 0000 0000 0000 0000 0800 0000 0000 0000
0800 0000 0000 0000 0000 0000 0000 0000 0000 0200 0000 0000 0000 0000 0000 0000
0000 0000 0000 0000 0000 0000 0000 0000 0000 0001 0000 0000 0100 0003 0000 0000
0000 0000 0800 0000 0000 0000 0000 0000 0000 0000 0000 0000 0000 0000 0000 0008
0000 0000 0000 0000 0000 0000 0000 0000 0000 0000 0000 0004 0000 0000 0000 0000
0000 0000 0000 0000 0000 0000 0200 0002 0000 0004 0000 0000 0000 0000 0000 0000
0000 0000 0002 0000 0008 0000 0000 0000 0100 0000 0000 0800 0000 0000 0000 0000
0004 05C2 0820 0C40 0040 0022 0100 0048 0108 0130 0000 0000 0000 0000 0000 0000
0000 0000 0000 0000 0000 0000 0000 0000 0000 0000 0000 0000 0000 0000 0000 0000
0000 0000 0000 0000 0000 0000 0000 0000 0000 0000 0000 0000 0000 0000 0000 0000
0000 0000 0000 0000 0000 0800 0000 0000 0000 0000 0000 0000 0800 0000 0000 0000
0000 0000 0000 0000 0000 0000 0000 0000 0000 0080 0000 0000 0000 0000 0000 0000
0000 0000 0000 0000 0000 0000 0000 0000 0000 0000 0000 0000 0000 0000 0000 0000
0000 0000 0000 0000 0000 0000 0000 1000 0000 0000 0000 0000 0000 0000 0000 0000
8000 0000 0000 0000 0000 0000 0004 0000 0000 0000 0000 0000 0000 0000 0000 0000
0000 0000 0000 0000 0000 0000 0000 0000 0000 0000 0000 0000 0000 0000 0000 0000
0000 0000 0000 0000 0000 0000 0000 0000 0000 0000 0000 0000 0000 0000 0000 0000
0000 0000 0000 0000 0000 0000 0000 0000 0000 0000 0000 0000 0000 0000 0000 0000
0000 0000 0000 0000 0000 0000 0000 0000 0000 0000 0000 0000 0000 0000 0000 0000
0000 0000 0000 0000 0000 0000 0000 0000 0000 0000 0000 0000 0000 0000 0000 0000
0000 0000 0000 0000 0000 0000 0000 0000 0000 0000 0000 0000 0000 0000 0000 0000
0000 0000 0000 0000 0000 0000 0000 0000 0000 0000 0000 0000 0000 0000 0000 0000
0000 0000 0000 0000 0000 0000 0000 0000 0000 0000 0000 0000 0000 0000 0000 0000
0000 0000 0000 0000 0000 0000 0000 0000 0000 0000 0000 0000 0000 0000 0000 0000
0000 0000 0000 0000 0000 0000 0000 0000 0000 0000 0000 0000 0000 0000 0000 0000
0000 0000 0000 0000 0020 4000 0000 0000 0000 0000 0000 0000 0000 1000 0000 0000
0000 0000 0000 0000 0000 0000 0000 0000 0000 0000 0000 0000 0200 0000 0000 0000
0000 0000 0000 0000 0000 0000 0000 0000 0000 0000 0000 0000 0000 0000 0000 0000
0000 0000 0000 0000 0000 0000 0000 0000 0000 0000 0000 0000 0000 0000 0000 0000
0000 0000 0000 0000 2000 0000 0000 0000 0000 0000 0000 0000 0000 0000 0000 0000
0000 0000 0000 0000 0000 0000 0000 0000 0000 0000 0000 0000 0000 0000 0000 0000
0000 0000 0000 0000 0000 0000 0000 0000 0000 0000 0000 0000 0000 0000 0000 0000
0000 0000 0000 0000 0000 0000 0000 0000 0000 0000 0000 0000 0000 0000 0000 0000
0000 0000 0000 0000 0000 0000 0000 0000 8000 0000 0000 0000 0000 0000 0000 0000
0000 0000 0000 0000 0000 0400 0000 0000 0000 0000 0000 0000 0000 8000 0000 0000
0000 0000 0000 0000 0000 0000 0000 0000 0000 0000 0000 0000 0000 0000 0000 0000
0000 0000 0000 0000 0000 0000 0000 0000 0000 0000 0000 0000 0000 0000 0000 0000
0000 0000 0000 0000 0000 0000 0000 0000 0000 0000 0000 0000 0000 0000 0000 0000
0000 0000 0000 0000 0000 0000 0000 0000 0000 0000 0000 0000 0000 0000 0000 0000
0000 0000 0000 0000 0000 0000 0000 0000 0000 0000 0000 0000 0000 0000 0000 0000
0000 0000 0000 0000 0000 0000 0000 0008 0000 0000 0000 0000 0000 0000 0000 4000
0000 0000 0000 0000 0000 0000 0000 0000 0000 0000 0000 0000 0000 0000 0000 0000
0000 0000 0000 0000 0000 0000 0000 0000 0000 0000 0000 0000 0000 0000 0000 0000
0008 0000 0000 0000 0008 0000 0000 0000 0000 0000 0000 0000 0000 0000 0000 0000
0000 0000 0000 0000 0000 0000 0000 0000 0000 0000 0000 0000 0000 0000 0000 0000
0000 0000 0000 0000 0000 0000 0200 0000 0000 0000 0000 0000 0000 0000 0000 0000
0000 0000 0000 2000 0000 0000 0000 0000 0000 0000 0000 0000 0000 0000 0000 0000
0000 0000 0000 0000 0000 0000 0000 0000 0000 0000 0000 0000 0000 0000 0000 0000
0000 0000 0000 0000 0000 0000 0000 0000 0000 0000 0000 0000 0000 0000 0000 0000
0000 0000 0000 0000 0000 0000 0000 0000 0000 0000 0000 0000 0000 0000 0000 0000
0000 0000 0000 0000 0000 0000 0000 0000 0000 0000 0000 0000 0000 0000 0000 0000
0000 0000 0000 0000 0000 0000 0000 0000 0000 0000 0000 0000 0000 0000 0000 0000
0000 0000 0000 0000 0000 0000 0000 0000 0000 0000 0000 0000 0000 0000 0000 0000
0000 0000 0000 0000 0000 0000 0000 0000 0000 0000 0000 0000 0000 0000 0000 0000
0000 0000 0000 0000 0000 0000 0000 0000 0000 0000 0000 0000 0000 0000 0000 0000
0000 0000 0000 0000 0000 0000 0000 0000 0000 0000 0000 0000 0000 0000 0000 0000
0000 0000 0000 0000 0000 0000 0000 0000 0000 0000 0000 0000 0000 0000 0000 0000
0000 0000 0000 0000 0000 0000 0000 0000 0000 0000 0000 0000 0000 0000 0000 0000
0000 0000 0000 0000 0000 0000 0000 0000 0000 0000 0000 0000 0000 0000 0000 0000
0000 0000 0000 0000 0000 0000 0000 0000 0000 0000 0000 0000 0000 0000 0000 0000
0000 0000 0000 0000 0000 0000 0000 0000 0000 0000 0000 0000 0000 0000 0000 0000
0000 0000 0000 0000 0000 0000 0000 0000 0000 0000 0000 0000 0000 0000 0000 0000
0000 0000 0000 0000 0000 0000 0000 0000 0000 0000 0000 0000 0000 0000 0000 0000
0000 0000 0000 0000 0000 0000 0000 0000 0000 0000 0000 0000 0000 0000 0000 0000
0000 0000 0000 0000 0000 0000 0000 0000 0000 0000 0000 0000 0000 0000 0000 0000
0000 0000 0000 0000 0000 0000 0000 0000 0000 0000 0000 0000 0000 0000 0000 0000
0000 0000 0000 8000 0000 0000 0000 0000 0000 0000 0000 0000 0000 0000 0000 0000
0000 0000 0000 0000 0000 0000 0000 0000 0000 0000 0000 0000 0000 0000 0000 0000
0000 0000 0000 0000 0000 0000 0000 0000 0000 0000 0000 0000 0000 0000 0000 0000
0000 0000 0000 0000 0000 0000 0000 0000 0000 0000 0000 0000 0000 0000 0000 0000
0000 0000 0000 0000 0000 0000 0000 0000 0000 0000 0000 0000 0000 0000 0000 0000
0000 0000 0000 0000 0000 0000 0000 0000 0000 0000 0000 0000 0000 0000 0000 0000
0000 0000 0000 0000 0000 0000 0000 0000 0000 0000 0000 0000 0000 0000 0000 0000
0000 0000 0000 0000 0000 0000 0000 0000 0000 0000 0000 0000 0000 0000 0000 0000
0000 0000 0000 0000 0000 0000 0000 0000 0000 0000 0000 0000 0000 0000 0000 0000
0000 0000 0000 0000 0000 0000 0000 0000 0000 0000 0000 0000 0000 0000 0000 0000
0000 0000 0000 0000 0000 0000 0000 0000 0000 0000 0000 0000 0000 0000 0000 0000
0000 0000 0000 0000 0040 0000 0000 0000 0000 0000 0000 0000 0000 0000 0000 0000
0000 0000 0000 0000 0000 0000 0000 0000 0000 0000 0000 0000 0000 0000 0000 0000
0000 0000 0000 0000 0000 0000 0000 0000 0000 0000 0000 0000 0000 0000 0000 0000
0000 0000 0000 0000 0000 0000 0000 0000 0000 0000 0000 0000 0000 0000 0000 0000
0000 0000 0000 0000 0000 0000 0000 0000 0000 0000 0000 0000 0000 0000 0000 0000
0000 0000 0000 0000 0000 0000 0000 0000 0000 0000 0000 0000 0000 0000 0000 0300
0400 0000 0000 2000 0000 1000 0000 4000 0000 0000 0000 2000 0000 0000 0000 0000
0003 0000 8002 0000 0000 0000 0000 0020 0004 0000 0000 0800 2000 8080 0010 0000
0000 0000 0000 0020 0004 0000 0000 0008 8000 0000 0000 2010 0000 0200 0000 0000
0000 0000 0000 0000 0000 0040 0040 0000 0000 0000 0000 1000 0001 0000 0000 0000
Physical Chip 1
0000 0000 0000 0800 0000 0000 0000 0000 0000 0000 0000 0000 0000 0000 0000 0000
0000 0000 0000 0004 0000 0000 0000 0000 0040 0000 0000 0000 0000 0000 0000 0000
0000 0000 0000 0000 0000 0000 0000 0000 0000 0000 0000 0000 0000 0000 0000 0000
0000 0000 0000 0000 0000 0000 0000 0000 0000 0000 0000 0000 0000 0000 0000 0000
0000 0000 0000 0000 0000 0000 0000 0000 0000 0000 0000 0000 0000 0000 0000 0000
0000 0000 0000 0000 0000 0000 0000 0000 0000 0000 0000 0000 0000 0000 0000 0000
0000 0000 0000 0000 0000 0000 0000 0000 0000 0000 0000 0000 0000 0000 0000 0000
0000 0000 0000 0000 0000 0000 0000 0000 0000 0000 0000 0000 0000 0000 0000 0000
0000 0000 0000 0000 0000 0000 0000 0000 0000 0000 0000 0000 0000 0000 0000 0000
0000 0000 0000 0000 0000 0000 0000 0000 0000 0000 0000 0000 0000 0000 0000 0000
0000 0000 0000 0000 0000 0000 0000 0001 0000 0200 0000 0000 0000 0000 0000 0000
0000 0000 0000 0000 0000 0000 0000 0000 0000 0000 0000 0000 0000 0000 0000 0000
0000 0000 0000 0000 0000 0000 0000 0000 0000 0000 0000 0000 0000 0000 0000 0000
0000 0000 0000 0000 0000 0000 0000 0000 0000 0000 0000 0000 0000 0000 0000 0010
0000 0000 0000 0000 0000 0000 0000 0000 0000 0000 0000 0000 0000 0000 0000 0000
0000 0000 0000 0000 0100 0000 0000 0000 0000 0000 0001 0000 0000 0000 0000 0000
0000 0000 0000 0000 0000 0000 0000 0000 0000 0000 0000 0000 0000 0000 0000 0000
0000 0000 0000 0000 0000 0000 0000 0000 0000 0000 0000 0000 0000 0000 0000 0000
0000 8000 0000 0000 0000 0000 0000 0000 0000 0000 0000 0000 0000 0000 0000 0000
0000 0000 0000 0000 0000 0000 0000 0000 0000 0000 0000 0000 0000 0000 0000 0000
0000 0000 0000 0000 0000 0000 0000 0000 0000 0040 0000 0000 0000 0000 0000 0000
0000 0000 0000 0000 0000 0000 0000 0000 0000 0000 0000 0000 0000 0000 0000 0000
0000 0000 0000 0000 0000 0000 0000 0000 0000 0000 0000 0000 0000 0000 0000 0000
0000 0000 0000 0000 0000 0000 0000 0000 0000 0000 0000 0000 0000 0000 0000 0000
0020 0000 0000 0000 0000 0000 0000 0000 0000 0000 0000 0000 0000 0000 0000 0000
0000 0000 0000 0000 0000 0000 0000 0000 0000 0000 0000 0000 0000 0000 0000 0000
0000 0000 0000 0000 0000 0000 0000 0000 0000 0000 0000 0000 0000 0000 0000 0000
0000 0000 0000 0000 0000 0000 0000 0000 0000 0000 0000 0000 0000 0000 0000 0000
0000 0000 0000 0000 0000 0000 0000 0000 0000 0000 0000 0000 0000 0000 0000 0000
0000 0000 0000 0000 0000 0000 0000 0000 0000 0000 0000 0000 0000 0000 0000 0000
0000 0000 0000 0000 0000 0000 0000 0000 1000 0000 0000 0000 0000 0000 0000 0000
0000 0000 0000 0000 0000 0000 0000 0000 0000 0000 0000 0000 0000 0000 0000 0000
0000 0000 0000 0000 0000 0000 0000 0000 0000 0000 0000 0000 0000 0000 0000 0000
0000 0000 0000 0000 0000 0000 0000 0000 0000 0000 0000 0000 0000 0000 0000 0000
0000 0000 0000 0000 0000 0000 0000 0000 0000 0000 0000 0000 0000 0000 0000 0000
0000 0000 0005 0000 0000 0000 0000 0000 0000 0000 0000 0000 0000 0000 0000 0000
0000 0000 0000 0000 0000 0000 0000 0000 0000 0000 0000 0000 0000 0000 0000 0000
0000 0000 0000 0000 0000 0000 0000 0000 0000 0000 0000 0000 0000 0000 0000 0000
0000 0000 0000 0000 0000 0000 0000 0000 0000 0000 0000 0000 0000 0000 0000 0000
0000 0000 0000 0000 0000 0000 0000 0000 0000 0000 0000 0000 0000 0000 0000 0000
0000 0000 0000 0000 0000 0000 0000 0000 0000 0000 0000 0000 0000 0000 0000 0000
0000 0000 0000 0000 0200 0000 0000 0000 0000 0000 0000 0002 0000 0000 0000 0000
0000 0000 0000 0000 0000 0000 0000 0000 0000 0000 0000 0000 0000 0000 0000 0000
0000 0000 0000 0000 0000 0000 0000 0002 0000 0000 0000 0000 0000 0000 0000 0000
0000 0000 0000 0000 0000 0000 0000 0000 0000 0000 0000 0000 0000 0000 0000 0000
0000 0000 0000 0001 0000 0000 0000 0000 0000 0000 0000 0000 0000 0000 0000 0000
0000 0000 0000 0000 0000 0000 0000 0000 0000 0000 0000 0000 0000 0000 0000 0000
0000 0000 0000 0000 0000 0000 4000 0000 0000 0000 0000 0000 0000 0000 0000 0000
0000 0100 0000 2000 0000 0000 0000 0000 0000 0000 0000 0000 0000 0000 0000 0000
0000 0000 0000 0000 0000 0000 0000 0000 0000 0000 0000 0000 0000 0000 0000 0000
0000 0000 0000 0000 0000 0000 0000 0000 0000 0000 0000 0000 0000 0000 0000 0000
0000 0000 0000 0800 0000 0000 0000 0000 0000 0000 0000 0000 0000 0000 0000 0000
0000 0000 0000 0000 0000 0000 0000 0000 0000 0000 0000 0000 0000 0000 0000 0000
0000 0000 0000 0000 0000 0000 0000 0000 0000 0000 0000 0000 0000 0000 0000 0000
0000 0000 0000 0000 0000 0000 0000 0000 0000 0000 0000 0000 0000 0000 0000 0000
0000 0000 0000 0000 0000 0000 0000 0000 0000 0000 0000 0000 0000 0000 0000 0000
0000 0000 0000 0000 0000 0000 0000 0000 0000 0000 0000 0000 0000 0000 0000 0000
0000 0000 0000 0000 0000 0000 0000 0000 0000 0000 0000 0000 0000 0000 0000 0000
0000 0000 0000 0000 0000 0000 0000 0000 0000 0000 0000 0000 0000 0000 0000 0000
0000 0000 0000 0000 0000 0000 0000 0000 0000 0000 0000 0000 0000 0000 0000 0000
0000 0000 0000 0000 0000 0000 0000 0000 0000 0000 0000 0000 0000 0000 0000 0000
0000 0000 0000 0000 0000 0000 0000 0000 0000 0000 0000 0000 0000 0000 0000 0000
0000 0000 0000 0000 0000 0000 0000 0000 0010 0000 0040 0000 0000 0000 0000 0000
0000 0000 2000 0000 0000 0000 0000 0000 0000 0000 0000 0000 0000 0000 0000 0000
0000 0000 0000 0000 0000 0000 0000 0000 0000 0000 0000 0000 0000 0000 0000 0000
0000 0000 0000 0000 0000 0000 0000 0000 0000 0000 0000 0000 0000 0000 0000 0000
0000 0000 0000 0000 0000 0800 0000 0000 0000 0000 0000 0000 0000 0000 0000 0000
0000 0000 0000 0000 0000 0000 0000 0000 0000 0000 0000 0000 0000 0000 0000 0000
0000 0000 0000 0000 0000 0000 0000 0000 0000 0000 0000 0000 0000 0000 0000 0000
0000 0000 0000 0000 0000 0000 0000 0000 0000 0400 0000 0000 0000 0000 0000 0000
0000 0000 0000 1000 0000 0000 0000 0000 0000 0000 0000 0000 0000 0000 0000 0000
0000 0000 0000 0000 0000 0000 0000 0000 0000 0000 0000 0000 0000 0000 0000 0000
0000 0000 0000 0000 0000 0000 0000 0000 0000 0000 0000 0000 0000 0000 0000 0000
0000 0200 0000 0000 0000 0000 0000 0000 0000 0000 0000 0000 0000 0000 0000 0000
0000 0000 0000 0000 0000 0000 0000 0000 0000 0000 0000 0000 0000 0000 0000 0000
0000 0000 0000 0000 0000 0000 0000 0000 0000 0000 0000 0000 0000 0000 0000 0000
0000 0000 0000 0000 0000 0000 0000 0000 0000 0000 0000 0000 0000 0000 0000 0000
0000 0000 0000 0000 0000 0000 0000 0000 0000 0000 0000 0000 0000 0000 0000 0000
0000 0000 0000 0000 0000 0000 0000 0000 0000 0000 0000 0000 0000 0000 0000 0000
0000 0000 0000 0000 0000 2000 0000 0000 0000 0000 0000 0000 0000 0000 0000 0000
0000 0000 0000 0000 0000 0000 0000 0000 0000 0000 0000 0000 0000 0000 0000 0000
0000 0000 0008 0000 0000 0000 0000 0000 0000 0000 0000 0000 0000 0000 0000 0000
0000 0000 0000 0000 0000 0000 0000 0000 0000 0000 0000 0000 0000 0000 0000 0000
0000 0000 0000 0000 0000 0000 0000 0000 0000 0000 0000 0000 0000 0000 0000 0000
0000 0000 0000 0000 0000 0000 0000 0000 0000 0000 0000 0000 0000 0000 0000 0000
0000 0000 0000 0000 0000 0000 0100 0000 0000 0000 0000 0000 0000 0000 0000 0000
0000 0000 0000 0000 0000 0000 0000 0000 0000 0000 0000 0000 0000 0000 0000 0000
0000 0000 0000 0000 0000 0000 0000 0000 0000 0000 0000 0000 0000 0000 0000 0000
0000 0000 0000 0000 0000 0000 0000 0000 0000 0000 0000 0000 0000 4000 0000 0000
0000 0000 0000 0000 0000 0000 0000 0000 0000 0000 0000 0000 0000 0000 0000 0000
0000 0000 0000 0000 0000 0000 0000 0000 0000 0000 0000 0000 0000 0000 0000 0000
0000 0000 0000 0000 0000 0000 0000 0000 0000 0000 0000 0000 0080 0000 0000 0000
0000 0000 0000 0000 0000 0000 0000 0000 0000 0000 0000 0000 0000 0000 0000 0000
1000 0000 0000 0000 0000 0000 0000 0000 0000 0000 0000 0000 0000 0000 0000 0000
0000 0000 0000 0000 0000 0000 0000 0000 0000 0000 0000 0000 0000 0000 0000 0000
0000 0000 0000 0000 0000 0000 0000 0000 0000 0000 0000 0000 0000 0000 0000 0000
0000 0000 0000 0000 0000 0000 0000 0000 0000 0000 0000 0000 0000 0000 0000 0000
0000 0000 0000 0000 0000 0000 0000 0000 0000 0000 0000 0000 0000 0000 0000 0000
0000 0000 0000 0000 0000 0000 0000 0000 0000 0000 0000 0000 0000 0000 0000 0000
0000 0000 0000 0000 0000 0000 0800 0000 0000 0000 0000 0000 0000 0000 0000 0000
0000 0000 0000 0000 0000 0000 0000 0000 0000 0000 0000 0000 0000 0000 0000 0000
0000 0000 0000 0000 0000 0000 0000 0000 0000 0000 0000 0000 0000 0000 0000 0000
0000 0000 0000 0000 0000 0000 0000 0000 0000 0000 0000 0000 0000 0000 0000 0000
0000 0000 0000 0000 0000 0000 0000 0000 0000 0000 0000 0000 0000 0000 0000 0000
0000 0000 0000 0000 0000 0000 0000 0000 0000 0000 0000 0000 0000 0000 0000 0000
0000 0000 0000 0000 0000 0000 0000 0000 0000 0000 0000 0000 0000 0000 0000 0000
0000 0000 0000 0000 0000 0000 0000 0000 0000 0004 0020 0000 0000 0000 0000 0000
0000 0000 0000 0000 0000 0000 0000 0000 0000 0000 0000 0000 0000 0000 0000 0000
0000 0000 0000 0000 0000 0000 0000 0080 0000 0000 0000 0000 0000 0000 0000 0000
0000 0000 0000 0000 0000 0000 0000 0000 0000 0000 0000 0000 0000 0000 0000 0000
0000 0000 0000 0000 0000 0000 0000 0000 0000 0000 0000 0000 0000 0000 0000 0000
0000 0000 0000 0000 0000 0000 0000 2000 0000 0000 0000 0000 0000 0000 0000 0000
0000 0000 0000 0000 0000 0010 0000 0000 0000 0000 0000 0000 0000 0000 0000 0000
0000 0000 0000 0000 0000 0000 0000 0000 0000 0000 0000 0000 0000 0000 2000 0000
0000 0000 0000 0000 0000 0000 0000 0000 0000 0000 0000 0000 0000 0000 0000 0000
0000 0000 0000 0000 0000 0000 0000 0000 0000 0000 0000 0000 0000 0000 0000 0000
0000 0000 0000 0000 0000 0000 0000 0000 0000 0000 0001 0000 0000 0000 0000 0000
0000 0000 0000 0000 0020 0000 0000 0100 0000 0000 0000 0000 0000 0000 0000 0000
0000 0000 0000 0000 0000 0000 0000 0000 0000 0000 0000 0000 0000 0000 0000 0000
0000 0000 0000 0000 0000 0000 0000 0000 0000 0000 0000 0000 0000 0000 0000 0000
0000 0000 0002 0000 0000 0000 0000 0000 0000 0000 0000 0000 0000 0000 0000 0000
0000 0000 0000 0000 0000 0000 0000 0000 0000 0001 0000 0000 0000 0000 0000 0000
0040 0000 0000 0000 0000 0000 0000 0000 0000 0000 0000 0000 0000 0000 0000 0000
0000 0000 0000 0000 0000 0000 0000 0000 0000 0000 0000 0000 0000 0000 0000 0000
0000 0000 0000 0000 0000 0000 0000 0000 0000 0000 0000 0000 0004 0000 0000 0000
0000 0000 0000 0000 0000 0000 0000 0000 0000 0000 0000 0000 0000 0000 0000 0000
0000 0000 0000 0000 0000 0000 0000 0000 0000 0000 0000 0000 0000 0000 0000 0000
0000 0000 0000 0000 0000 0000 0000 0000 0000 0000 0000 0000 0000 0000 0000 0100
Physical Chip 2
0000 0000 0000 0000 0000 0000 0000 0000 0000 0000 0000 0200 0000 0000 0000 0000
0000 0000 0000 0000 0000 0000 0000 0000 0000 0000 0000 0000 0000 0000 0000 0000
0000 0000 0000 0000 0000 0000 0000 0000 0000 0000 0000 0000 0000 0000 0000 0000
0000 0000 0000 0000 0000 0000 0000 0000 0000 0000 0000 0000 0000 0000 0000 0000
0000 0000 0000 0000 0000 0000 0000 0800 0000 0000 0000 0000 0000 0000 0000 0000
0000 0000 0000 0000 0000 0000 0000 0000 0000 0000 0000 0000 0000 0000 0000 0000
0000 0000 0000 0000 0000 0000 0000 0000 0000 0000 0000 0000 0000 0000 0000 0000
0000 0000 0000 0000 0004 0000 0000 0000 0000 0000 0000 0000 0000 0000 0000 0000
0000 0000 0000 0000 0000 0000 0000 0000 0000 0000 0000 0000 0000 0000 0000 0000
0000 0000 0000 0000 0000 0000 0000 0000 0000 0000 0008 0000 0000 0000 0000 0000
0000 0000 0000 0000 0000 0000 0000 0000 0000 0000 0000 0000 0000 0000 0000 0000
0000 0100 0000 0000 0000 0000 0000 0000 0000 0000 0000 0000 0000 0000 0000 0000
0000 0000 0000 0000 0000 0000 0000 0000 0000 0000 0000 0000 0000 0000 0000 0000
0000 0000 0000 0000 0000 0000 0000 0000 0000 0000 0000 0000 0000 0000 0000 0000
0000 0000 0000 0000 0000 0000 0000 0000 0000 0000 0000 0000 0000 0000 0000 0000
0000 0000 0000 0000 0000 0000 0000 0000 0000 0000 0000 0000 0000 0000 0000 0000
0000 0000 0000 0000 0000 0000 0000 0000 0000 0000 0000 0000 0000 0000 0000 0000
0000 0000 0000 0000 0000 0000 0000 0000 0000 0000 0000 0000 0000 0000 0000 0000
0000 0000 0000 0000 0000 0000 0000 0000 0000 0000 0000 0000 0000 0000 0000 0000
0000 0000 0000 0000 0000 0000 0000 0000 0000 0000 0000 0000 0000 0000 0000 0000
0000 0000 0000 0000 0000 0000 0000 0000 0000 0000 0000 0000 0000 0000 0000 0000
0000 0000 0000 0000 0000 0000 0000 0000 0000 0000 0000 0000 0000 0000 0000 0000
0000 0000 0000 0000 0000 0000 0000 0000 0000 0000 0008 0000 0000 0000 0000 0000
0000 0000 0000 0100 0000 0000 0000 0000 0000 0000 0000 0000 0000 0000 0000 0000
0000 0000 0000 0000 0000 0000 0000 0000 0000 0000 0000 0000 0000 0000 0000 0080
0000 0000 0000 0000 0000 0000 0000 0000 0000 0000 0000 0000 0000 0000 0000 0000
0000 0000 0000 0000 0000 0000 0000 0000 0000 0000 0000 0000 0000 0000 0000 0000
0000 0000 0000 0000 0000 0000 0000 0000 0000 0000 0000 0000 0000 0000 0000 0000
0000 0000 0000 0000 0000 0000 0000 0000 0000 0000 0000 0000 0000 0000 0000 0000
0000 0000 0000 0000 0000 0000 0000 0000 0000 0000 0000 0000 0000 0000 0000 0000
0000 0000 0000 0000 0000 0000 0000 0000 0000 0800 0000 0000 0000 0000 0000 0000
0000 0000 0000 0000 0000 0000 0000 8000 0000 0000 0000 0000 0000 0000 0000 0000
0000 0000 0000 8000 0000 0000 0000 0000 0000 0000 0000 0000 0000 0000 0000 0000
0000 0000 0000 0000 0000 0000 0000 0000 0000 0000 0000 0000 0000 0000 0000 0000
0000 0000 0000 0000 0000 0000 0000 0000 0000 0000 0000 0000 0000 0000 0000 0000
0000 0000 0000 0000 0000 0000 0000 0000 0000 0000 0000 0000 0000 0000 0000 0000
0000 8000 0000 0000 0000 0000 0000 0000 0000 0000 0000 0000 0000 0000 0000 0000
0000 0000 0000 0000 0000 0000 0000 0000 0000 0000 0000 0000 0000 0000 0000 0000
0000 0000 0010 0000 0000 0000 0000 0000 0000 0000 0000 0000 0000 0000 0000 0000
0000 0000 0000 0000 0000 0000 0000 0000 0000 0000 0000 0000 0000 0000 0000 0000
0000 0000 0000 0000 0000 0000 0000 0000 0000 0000 0000 0000 0000 0000 0000 0000
0000 0000 0000 0000 0000 0000 0002 0000 0000 0000 0000 0000 0000 0000 0000 0000
0000 0000 0000 0000 0000 0000 0000 0000 0000 0000 0001 0000 0000 0000 0000 0000
0000 0000 0000 0000 0000 0000 0000 0000 0000 0000 0000 0000 0000 0000 0000 0000
0000 0000 0000 0000 0000 0000 0000 0000 0000 0000 2000 0000 0000 0000 0000 0000
0000 0004 0000 0000 0000 0000 0000 0000 0000 0000 0000 1000 0000 0000 0000 0000
0100 0000 0000 0000 0000 0000 0000 0000 0000 0000 0000 0000 0000 0000 0000 0000
0000 0000 0000 0000 0000 0000 0000 0000 0000 0000 0000 0000 0000 0000 0000 0000
0000 0000 0000 0000 0000 0000 0000 0000 0000 0000 0000 0000 0000 0000 0000 0000
0000 0000 0000 0000 0000 0000 0000 0000 0000 0000 0000 0000 0000 0000 0000 0000
0000 0000 0000 0000 0000 0000 0000 0000 0000 0000 0000 0000 0000 0000 0000 0000
0000 0000 0000 0000 0000 0000 0000 0000 0000 0000 0000 0000 0000 0000 0000 0000
0000 0000 0000 0000 0000 0000 0000 0000 0000 0000 0000 0000 0000 0000 0000 0000
0000 0000 0000 0000 0000 0000 0000 0000 0200 0000 0000 0000 0000 0000 0000 0000
0000 0000 0000 0000 0000 0000 0000 0000 0000 0000 0000 0000 0000 0000 0000 0000
0000 8000 0000 0000 0000 0000 0000 0000 0000 8000 0000 0000 0000 0000 0000 0000
0000 0000 0000 0000 0000 0000 0000 0000 0000 0000 0000 0000 0000 0000 0000 0000
0000 0000 0000 0000 0000 0000 0000 0000 0800 0000 0000 0000 0000 0000 0000 0000
0000 0000 0000 0000 0000 0000 0000 0000 0000 0000 0000 0000 0000 0000 0000 0000
0000 0000 0000 0000 0000 0000 0000 0000 0000 0000 0000 0000 0000 0000 0000 0000
0000 0000 0000 0000 0000 0000 0000 0000 0000 0000 0000 0000 0000 0000 0000 0000
0800 0000 0000 0000 0000 0000 0000 0000 0000 0000 0000 0000 0000 0000 0000 0000
0000 0000 0000 0000 0000 0000 0000 0000 0000 0000 0000 0000 0000 0000 0000 0000
0000 0000 0000 0000 0000 0000 0000 0000 0000 0000 0000 0000 0000 0000 0000 0000
0000 0000 0000 0000 0000 0000 0000 0000 0000 0000 0000 0000 0000 0000 0000 0000
0000 0000 0000 0000 0000 0000 0000 0000 0000 0000 0000 0000 0000 0000 0000 0000
0000 0000 0000 0000 0000 0000 0000 0000 0000 0000 0000 0000 0000 0000 0000 0000
0000 0000 0000 0000 0000 0000 0000 0000 0000 0000 0000 0002 0000 0000 0000 0000
0000 0000 0000 0000 0000 0000 0000 0000 0004 0000 0000 0000 0000 0000 0000 0000
0000 0000 0000 0000 0000 0000 0000 0000 0000 0000 0000 0000 0000 0000 0000 0000
0000 0000 0000 0000 0000 0000 0000 0010 0000 0000 0000 0000 0000 0100 0000 0000
0000 0000 0000 0000 0000 0000 0000 0000 0000 0000 0000 0000 0000 0000 0000 0000
0000 0000 0000 0000 0000 0000 0000 0000 0000 0000 4000 0000 0000 0000 0000 0000
0000 0000 0000 0000 0000 0000 0000 0000 0000 0800 0000 0000 0000 0000 0000 0000
0000 0000 0000 0000 0000 0000 0000 0000 0000 0000 0000 0000 0000 0000 0000 0000
0000 0000 0000 0000 0000 0000 0000 0000 0000 0000 0000 0000 0000 0000 0000 0000
0000 0000 0000 0000 0000 0000 0000 0000 0000 0000 0000 0000 0000 0000 0000 0000
0000 0000 0000 0000 0000 0000 0000 0000 0000 0000 0000 0000 0000 0000 0200 0000
0000 0000 0000 0000 0000 0000 0000 0000 0000 0000 0000 0000 0000 0000 0000 0000
0000 0000 0000 0000 0000 0000 0000 0000 0000 0030 0000 0000 0000 0000 0000 0000
0000 0000 0000 0000 0000 0000 0000 0000 0000 0000 0000 0000 0000 0000 0000 0000
0000 0000 0000 0000 0000 0000 0000 0000 0000 0000 0000 0000 0000 0000 0000 0000
0000 0000 0000 0000 0000 0000 0000 0000 0000 0000 0000 0000 0000 0000 0080 0000
0000 0000 0000 0000 0000 0000 0000 0000 0000 0000 0000 0000 0000 0000 0000 0000
0000 0000 0000 0040 0000 0000 0000 0000 0100 0000 0000 0000 0000 0000 0000 0000
0040 0000 0000 0000 0000 0080 0000 0000 0000 0000 0000 0000 0000 0000 0000 0000
0000 0000 0000 0000 0000 0000 0000 0000 0000 0000 0000 0000 0000 0000 0000 0000
0000 0000 0000 0000 0000 0000 0000 0000 0000 0000 0000 0000 0000 0000 0000 0000
0000 0000 0000 0000 0000 0000 0000 0000 0000 0000 0000 0000 0000 0000 0000 0000
0000 0000 0000 0000 0000 0000 0000 0000 0000 0000 0000 0000 0000 2000 0000 0000
0000 0000 0000 0000 0000 0000 0000 0000 0000 0000 0000 0000 0000 0000 0000 0000
0040 0000 0000 0000 0000 0000 0000 0000 0000 0000 0000 0000 8000 0000 0000 0000
0000 0000 0000 0000 0000 0000 0020 0000 0000 0000 0000 0000 0000 0000 0000 0000
0000 0000 0000 0000 0000 0000 0000 0000 0000 0000 0000 0000 0000 0000 0000 0000
0000 0000 0000 0000 0000 0000 0000 0000 0000 0000 0000 0000 0000 0000 0000 0000
0000 0000 0000 0000 0000 0000 0000 0000 0000 0000 0000 0000 0000 0000 0000 0000
0000 0000 0000 0000 0000 0000 0000 0000 0000 0000 0000 0000 0000 0000 0000 0000
0000 0000 0000 0000 0000 0000 0000 0000 0000 0000 0000 0000 0000 0000 0000 0000
0000 0000 0000 0000 0000 0000 0000 0000 0000 0000 0000 0000 0000 0000 0000 0000
0000 0000 0000 0000 0000 0000 0000 0000 0000 0000 0000 0000 0000 0000 0000 0000
0000 0000 0000 0000 0000 0000 0000 0000 0000 0000 0000 0000 0000 0000 0000 0000
0000 0000 0000 0000 0000 0000 0000 0000 0000 0000 0000 0000 0000 0000 0000 0000
0000 0000 0000 0000 0000 0000 0000 0000 0000 0000 0000 0000 0000 0000 0000 0000
0000 0000 0000 0000 0000 0000 0000 0000 0000 0000 0000 0000 0000 0000 0000 0000
0000 0000 0000 0000 0000 0000 0000 0400 0000 0000 0000 0000 0000 0000 0000 0000
0000 0000 0000 0000 0000 0000 0000 0000 0000 0000 0000 0000 0000 0000 0000 0000
0000 0000 0000 0000 0000 0000 0000 0000 0000 0000 0000 0000 0000 0000 0000 0000
0000 0000 0000 0010 0000 0010 0000 0000 0000 0000 0000 0000 0000 0000 0000 0000
0000 0000 0000 0000 0000 0000 0000 0000 0000 0000 0000 0000 0000 0000 0000 0000
0000 0000 0000 0000 0000 0000 0000 0000 0000 0000 0000 0000 0000 0000 0000 0000
0000 0000 0000 0000 0000 0000 0000 0000 0000 0000 0000 0000 0000 0000 0000 0000
0000 0000 0000 0000 0000 0000 0000 0000 0000 0000 0000 0000 0000 0000 0000 0000
0000 0010 0000 0000 0000 0000 0000 0000 0000 0000 0000 0000 0000 0000 0000 0000
0000 0000 0000 0000 0000 0000 0000 0000 0000 0000 0000 0000 0000 0000 0000 0000
0000 0000 0000 0000 0000 0000 0000 0080 0000 0000 0000 0000 0000 0000 0000 0000
0000 0000 0000 0000 0000 0000 0000 0000 0000 0000 0000 0000 0000 0000 0000 0200
0000 0000 0000 0000 0000 0000 0000 0000 0000 0000 0000 0000 0000 0000 0000 0000
0000 0000 0000 0400 0000 0000 0000 0000 0000 0000 0200 0000 0000 0000 0000 0040
0000 0000 0000 0000 0000 0000 0000 0000 0000 0000 0000 0000 0000 0000 0000 0000
0000 0000 0000 0000 0000 0000 0000 0000 0000 0000 0000 0100 0000 0000 0000 0000
0000 0000 0000 0000 0000 0000 0000 0000 0000 0000 0000 0000 0000 0000 0000 0000
0000 0000 0000 0000 0000 0000 0000 0000 0000 0000 0000 0000 0000 0000 0000 0000
0000 0000 0000 0000 0000 0000 0000 0000 0000 0000 0000 0000 0000 0000 0000 0000
0000 0000 0000 0000 0000 0000 0000 0000 0000 0000 0000 0000 0000 0000 0000 0000
0000 0000 0000 0000 0000 0000 0000 0000 0000 0000 0000 0000 0000 0000 0000 0000
0000 0000 0000 0000 0000 0000 0000 0000 0000 0000 0000 0000 0000 0000 0000 0000
0000 0000 0000 0000 0000 0000 0000 0000 0000 0000 0000 0000 0000 0000 0000 0000
0000 0000 0000 0000 0000 0000 0000 0000 0000 0000 0000 0000 0000 0000 0000 0000
Physical Chip 3
1000 0100 0000 0000 1000 0000 0000 0000 8002 0080 0000 0000 8000 0000 0000 0000
0000 0000 0000 8000 0000 4000 0000 1000 0000 0000 0000 0000 0000 0000 0000 0000
0000 0000 0000 0000 0000 0000 0000 0000 0000 0000 0000 0000 0000 0000 0000 0000
0000 0000 0000 0000 0000 0000 0000 0000 0001 0000 0000 0000 0000 0000 0000 0000
0000 0000 0000 0000 0000 0000 0000 0000 0000 0000 0000 0000 0000 0000 0000 0000
0000 0000 0000 0000 0000 0000 0000 0000 0000 0100 0000 0000 0000 2000 0000 0000
8000 0400 0002 0000 0000 0008 8000 0008 0010 0000 8000 0408 0000 0000 0000 0000
0000 0000 0000 0100 0000 0000 0000 0000 0000 8040 0000 0000 0200 0000 0000 0000
0000 0000 0000 0000 0000 0000 0400 0000 0000 0000 0000 0000 0000 4000 0000 0000
0000 0000 0040 0000 0000 0000 0000 0000 0000 0000 0000 0000 0000 0000 0800 8000
0000 0080 0000 0000 0000 0000 0000 0000 0000 0000 0000 0000 0000 0000 0000 0800
0000 0000 0080 0000 0000 0000 0000 0000 0000 0000 0004 0000 0000 0000 0000 0000
0000 0800 0000 0000 2000 0000 0000 0000 00C0 0000 0000 0000 0000 0000 0000 0000
0000 0000 0000 0020 0000 0000 0000 0000 4000 0001 0000 0004 0000 0000 0000 0000
0000 2000 0000 0010 0000 0000 0000 1000 0000 0040 0000 0000 0000 0000 0000 0000
0000 0000 0000 0000 0100 0800 0000 0000 0000 0000 0000 0000 0001 0000 0000 0000
0000 0000 0000 0000 0000 0000 0000 0010 0000 0000 0000 0002 00C0 0100 0800 0000
0000 0200 0001 0000 2001 0000 0440 0800 0000 3000 0000 0000 0000 0000 0000 0000
0008 0000 0020 0040 0000 1010 0020 0000 0000 0000 0000 0680 0000 0000 0000 0100
0000 0000 0000 0048 4000 0000 0000 0000 2000 0000 0040 0000 0200 2000 0000 0040
0000 0000 0000 0000 0000 0000 0002 0000 0010 0000 0000 0000 0000 0020 0200 0100
0800 0000 0020 0000 0000 0000 0000 0000 0000 0000 0200 8000 0000 0000 0000 0000
8000 0020 0000 0000 0200 0000 2000 0000 1000 0000 0000 0100 0000 0020 0800 0080
0000 0020 0000 0000 0000 0000 0000 0000 0004 0000 A000 0000 0000 0000 0008 8008
0000 0012 0000 0020 8001 0200 0000 0000 0020 0000 0800 0000 0000 0008 0000 0000
0080 0000 0044 1080 0000 0400 8000 0000 0000 0000 0800 0000 0000 0000 0000 0200
4000 0080 0000 0000 0000 0000 1200 0400 0002 0040 0000 0000 0000 0000 0080 0000
0000 0800 0000 0000 0040 0000 6008 0000 1000 0100 0080 0000 0000 0000 0000 0000
0000 0040 0040 0000 0002 0020 0088 0000 0000 0000 0000 0000 0002 0000 0000 0000
0000 0000 0000 0800 0000 4040 0000 0000 0600 0000 0020 0000 0010 0000 2000 0000
0800 0000 0040 0000 0000 0000 0000 0020 0000 0000 0800 00A0 0000 0000 0000 0000
0000 0004 4210 0000 0400 1022 0000 0009 0010 0000 1000 0000 0010 0000 0000 0090
0000 0040 0010 0000 0040 0000 0000 0000 0208 0000 0020 0000 0000 0000 0001 0000
0000 0004 0800 0000 0000 0000 0004 0000 8000 0000 0000 0040 0000 0000 0000 0010
0000 0000 1040 0000 0810 0100 0800 0008 0400 0000 0000 0000 0200 0000 0000 0000
8000 0010 0810 1000 0000 0004 0000 1000 0000 1000 0080 0000 1000 4013 8100 8001
0000 0400 0000 0000 0080 0000 1000 0000 0000 0000 0010 0000 0010 0000 5200 0000
0000 4000 0000 0200 8800 0000 0080 0000 8000 0000 0400 0020 0000 0000 0000 0000
0100 0000 8000 0000 0040 4020 0000 0000 0000 0000 1000 0000 0000 0000 0400 0000
0600 0000 0000 0020 1000 0000 0000 0000 0000 0108 0000 0010 0000 0004 0000 0040
0000 2100 0000 0000 2020 0000 0000 0000 0000 0000 0000 0000 2000 0040 0000 0000
0002 0000 0020 4080 0000 0080 0002 0020 0000 0000 0000 0100 0000 0010 0000 0000
4000 8000 0000 0020 0000 0200 0400 0000 0000 0000 0000 1010 0008 0420 0000 0000
0840 0000 0000 4000 0010 0010 0010 0000 0000 0000 0000 0004 0000 0800 0000 1000
0046 0000 0010 0040 0000 0000 0002 0000 0000 0000 0000 0140 0000 0000 0000 0000
8000 0000 0100 0000 0040 0000 0000 0010 0000 0000 0000 0000 0000 0080 0000 0000
0800 0000 0000 0000 A000 C200 0028 0000 0000 0008 0008 0800 0400 0000 0210 4000
0100 0080 2000 0000 0000 0000 1040 0000 0000 0040 0000 0000 0000 0000 0020 0800
0000 0000 2000 0000 0000 0000 0000 0002 0000 0000 0200 0000 0000 0000 0001 0008
0000 0060 0100 0008 0000 8100 0000 0000 0000 1080 0000 0020 0000 0800 0000 0000
0004 0000 4000 0000 0200 0000 0004 0000 0000 0800 2001 0010 0000 0000 0000 0000
0000 0000 0000 0000 0200 0000 0020 0101 2000 0000 0010 0920 0000 0000 0008 0000
0000 0200 0010 0000 0000 0000 0040 0000 0000 1000 1000 0000 0040 0800 0000 0000
0040 0000 0000 1000 0000 0000 0040 1000 0000 0018 0000 0200 0000 0800 0060 0000
0000 0000 2000 0000 0040 0100 1000 0800 0000 0000 0000 0000 0000 0000 0000 0000
0040 0000 0180 8000 0000 0000 1000 0000 0000 0000 0000 0000 0000 0000 0100 0000
0000 0000 1000 0000 0008 0020 0000 0000 0000 0000 0000 0200 0000 0004 0000 0000
0000 0001 0004 0020 0000 0000 0400 0400 0000 0000 0000 0802 0000 0004 4400 0020
0000 0000 0200 0200 0008 0000 0000 0010 0000 0000 0000 0000 0000 0004 0000 0000
0000 0800 0000 0000 0000 0000 0080 0000 0000 0000 0000 0000 0020 0000 0000 0040
0010 0010 0000 1000 0000 8004 2000 0000 0200 0000 0004 0080 0000 0000 0000 0020
0000 0100 0000 0200 0000 0000 0000 0000 0000 0000 0000 0000 0000 0000 0000 0000
4000 0080 0000 0000 4000 0900 0800 0004 4000 0000 0000 2000 0010 0000 0400 0808
0004 2000 0000 0000 0000 0000 0000 1000 0000 0080 0000 0000 0000 1000 0000 0000
0200 0202 0000 0100 0000 0000 0100 0000 4800 0000 0100 0000 0000 0000 0000 0000
0000 0800 0108 0400 0002 0000 0008 0000 0040 0000 0000 1000 0000 0000 0080 4000
0128 1000 0000 0140 0004 0200 002E 0000 0000 0000 0000 8000 0001 0000 0000 0000
0000 0000 0000 0040 0000 0000 0000 0000 0010 0000 0004 0180 1042 0000 0000 0000
0000 2000 0008 0000 0000 0000 0010 0000 0000 0000 0000 0100 0010 0000 0000 0040
0000 0000 0000 0000 0000 0000 0010 0000 0100 2000 0000 0000 0010 0000 0000 0000
0008 0001 0001 0010 0880 0000 0001 0420 0000 0000 0400 0000 0020 0000 4000 0010
0000 0010 0000 0000 0000 0000 0000 0000 0000 0000 0000 0000 0000 0000 0000 0000
0000 0000 0040 0000 0000 0000 0000 0000 2000 0010 0000 0000 0000 0000 0000 0000
0000 0000 0200 0000 0000 0000 0200 0000 0410 0000 0000 0004 0000 0000 0000 0010
0000 0100 8004 0080 0000 0000 0080 0000 0000 0090 0000 0000 0008 0000 0000 0080
0004 0000 0000 0000 0000 0010 0000 1000 0000 0000 0004 0000 0000 0000 0000 1000
0000 0000 0000 0000 1010 0110 0400 0000 0000 0000 0100 0000 0000 0000 0000 0000
0100 0000 0000 0000 0000 0000 0000 0000 0000 8000 2000 0000 0000 0200 0000 0520
0D00 0124 0400 4200 0000 0410 0000 0040 1000 0200 0000 2400 0000 0008 2000 4000
0020 0028 0100 0000 0000 0200 0000 C200 0000 0090 0000 0000 0000 0000 0000 0008
0000 1000 0000 0000 0004 0000 2100 4000 0000 0000 0004 0000 0000 0000 0000 4020
0000 0000 0000 2000 0002 0080 0000 0000 4000 0000 0400 0000 1000 0000 2000 1200
1020 0000 0100 0002 0000 0000 0000 0200 0000 0000 0000 0000 0001 0000 0000 0000
4000 0104 0000 0000 0000 1000 0000 0000 0000 0100 0000 0000 0080 0000 0000 0000
0000 0800 0000 0000 0000 0000 0000 0000 0004 0100 0000 0000 4000 0140 0000 0000
0000 0000 0040 0000 0000 0500 0000 0000 0000 1000 0010 1000 0000 4000 2000 0000
0000 0008 0000 0000 0000 0000 0000 0000 0000 0000 0000 0000 0000 0000 0200 0000
0010 0020 0000 0000 0880 0020 0000 00A4 0100 0020 0000 0000 0090 0000 0200 0000
0020 0000 0040 3003 0000 0000 4000 0000 0000 0000 0000 4000 0040 0102 0800 0002
0000 0000 0000 0800 0001 0180 0000 1000 0000 0000 0000 0000 0000 0000 0882 1000
1000 0000 0020 0C00 0000 0000 0008 0002 0000 0000 0000 0000 0000 0010 0020 0000
0000 1000 0000 0000 0000 0000 0040 0000 8800 0000 0000 0000 0200 0000 0000 0000
0020 0400 0000 0100 0200 0000 2000 8000 0400 0002 0000 0000 0000 0100 0000 0080
0000 0000 0001 0000 0000 0010 0000 0000 0000 0000 0080 0004 0410 0000 0020 0080
0200 0420 0000 8000 0000 0000 0010 08A8 0008 0200 0000 0800 0040 0000 0000 0080
1010 0810 0800 0000 0000 1008 0004 4000 0002 0200 0000 0080 1400 0000 0000 2000
0000 0032 0100 0800 0000 0100 0040 0000 0000 0000 0000 0000 0000 0600 0000 0000
0080 0000 0000 0010 0000 0000 0010 0080 0000 0100 0400 0000 0130 0000 0020 0000
0000 0000 0000 8040 0000 0000 0080 0000 0000 0000 0000 0000 0000 0102 0000 0000
0000 0010 0000 0000 4000 0000 0000 0002 0080 0010 0000 4000 0000 0000 0000 0000
0000 1040 2004 0000 0000 4000 0000 0010 0100 0000 8000 0014 0000 0000 0000 0000
0000 0810 0000 0200 0000 0000 0010 0100 2000 2108 0000 1000 0000 0000 0800 8000
0000 1000 4000 8000 0800 0000 0000 0000 0000 1080 1000 0000 8000 0000 0000 0900
0000 0000 0000 0000 8020 0000 0020 8000 0000 0000 8000 1000 0000 0100 0000 0000
0000 0080 0000 0000 1000 0000 0000 0000 0000 4100 0400 0000 0080 0000 0040 0000
0000 0200 0800 1000 0000 8000 0000 0000 0080 2020 0000 0000 0000 4040 0000 0040
0000 0000 0000 0800 0000 0000 0040 0000 0800 0200 0004 1000 0000 0000 0000 0000
0000 0002 0000 0000 0000 3000 2000 0000 4001 0000 0000 0004 2000 0000 0000 0000
0000 0000 0000 0000 0108 0000 0084 0000 0000 0000 0000 0000 0000 0000 0000 8000
0000 0000 0400 1000 1000 0000 0000 0000 0080 1000 0000 0000 0080 0000 0000 0000
4000 0000 8000 0000 0000 0040 0000 0000 0880 0100 0020 0000 0000 0000 0000 0008
1008 4000 0000 0000 0000 0800 0000 0000 0004 0000 0000 0000 0200 0000 0000 0000
0880 0100 0020 8000 0000 0000 0000 0200 8000 0022 0000 0100 0042 0000 0020 0000
0000 2000 0100 0280 0000 0000 2000 0010 0000 0000 0000 1004 0000 2000 0000 0000
0000 0000 0100 0000 0000 0000 0000 0000 0300 0000 0000 0000 4002 0000 0000 0000
0000 0008 2000 0000 0000 0020 0000 0000 0000 0000 0000 8000 0000 0000 0000 0800
0000 4004 0000 0000 0800 2000 0000 0000 0000 0000 0100 0000 2000 0020 0000 2000
4088 0000 0880 0000 0000 0020 0200 0000 0000 0080 0900 0000 0000 0000 0020 0000
0000 0000 3000 0000 4000 1080 0000 0000 0000 0000 0000 0400 0000 0000 0000 1000
1000 0000 0000 0002 0000 0000 0000 0000 0040 4010 0000 2000 0000 8000 2000 0100
0000 0000 0000 0000 0000 0041 0000 0020 0000 0020 0000 0000 0000 0000 0100 0010
8200 0000 0000 0800 0000 0000 0000 0000 0000 0000 8000 0000 0800 0000 0000 0040
0080 0000 0004 0000 0000 0000 0800 0008 8000 0000 0000 0000 0400 0008 0000 0000
0020 2100 0100 0020 0000 0210 0010 0000 0000 0000 0000 0002 0000 1400 0000 0000
0040 0000 0000 0000 0000 0000 0000 0000 0004 2000 0000 0000 0000 0000 0140 0010
0010 0000 0000 0240 2000 0000 0000 0000 0000 0000 0000 0000 0000 0000 0000 0000
0000 8010 4100 0000 0000 0000 0420 0000 0000 0000 0890 2000 0200 8000 0000 0000
0000 0400 0000 0000 0000 0200 3008 0010 0000 0080 8000 1000 0000 0000 00A0 0020
Physical Chip 4
0000 0008 0000 0000 0000 0000 0000 0000 0000 0000 0000 0000 0010 0000 0000 0000
0000 0000 0000 0000 0000 0000 0000 0000 0000 0000 0000 0000 0000 0000 0000 0000
0000 0000 0000 0000 0000 0000 0000 0000 0000 0000 0000 0000 0000 0000 0000 0000
0000 0000 0000 0000 0000 0000 0000 0000 0000 0000 0000 0000 0000 0000 0000 0000
0000 0000 0000 0010 0000 0000 0000 0000 0000 0000 0000 0000 0000 0000 0000 0000
0000 0000 0000 0000 0000 0000 0000 0000 0000 0000 0000 0000 0000 0000 0000 0000
0000 0000 0000 0000 0000 0000 0000 0000 0000 0000 0000 0000 0000 4000 0000 0000
0000 0000 0000 2000 0000 0000 0000 0000 0000 0000 0000 0000 0000 0000 0000 0000
0000 0000 0000 0000 0000 0000 0000 0000 0000 0000 0800 0000 0000 0000 0000 0000
0000 0000 0004 0000 0000 0000 0000 0000 1000 0000 0000 2000 0000 0000 0000 0000
0000 0000 0000 0000 0000 0000 0000 0000 0000 0000 0040 0000 0000 0000 0000 2000
0000 0000 0000 0000 0000 0000 0000 0000 0000 0000 0000 0000 0000 0000 0080 0000
0000 0000 0000 0000 0001 0000 0000 0000 0000 0000 2000 0000 0000 0000 0000 0000
0000 0000 0000 0000 0000 0000 0000 0000 0000 0000 0000 0000 0000 0000 0000 0000
0001 0000 0000 0000 0000 0000 0000 0000 0000 0000 0000 0000 0000 0000 0000 0000
0000 0000 0000 0000 0000 0000 0000 0000 0000 0000 0000 0000 0000 0000 0000 0000
0000 0000 0000 0000 4000 0000 0000 0000 0000 0000 0000 0000 0000 0000 0000 0000
0000 0000 0000 0000 0000 0000 0100 0000 0000 0000 0000 0000 0000 0000 0000 0000
0000 0000 0000 0000 0000 0000 0000 0000 0000 0000 0000 0000 0000 0000 0000 0000
0000 0000 0000 0000 0000 0000 0000 0000 0000 0000 0000 0000 0000 0000 0000 0000
0000 0000 0000 0000 0000 0000 0000 0000 0000 0000 0000 0000 0000 0000 0000 0000
0000 0000 0000 0000 0000 0000 0000 0040 0000 0000 0000 0000 0000 0000 0000 0000
0000 0000 0000 0000 0000 0000 0000 0000 0000 0000 0000 0000 0000 0000 0000 0000
0000 0000 0000 0000 0000 0008 0000 0000 0000 0010 0000 0000 0000 0000 0000 0000
0400 0000 0000 0000 0000 0000 0000 0000 0000 0000 0000 0000 0000 0000 0000 0000
0000 0000 0000 0000 0001 0000 0000 0000 0000 0000 0000 0000 0000 0000 0000 0000
0000 0000 0000 0000 0000 0000 0000 0000 0000 0000 0000 0000 0000 0000 0000 0000
0000 0000 0000 0000 0000 0000 0000 0000 0000 0000 0000 0000 0000 0400 0000 0000
0000 0000 0000 0000 0000 0000 0000 0000 0000 0000 0000 0000 1000 0000 0000 0000
0000 0000 0000 0000 0000 0000 0000 0000 0000 0000 0000 0000 0000 0000 0000 0000
0000 0000 1000 0000 0000 0000 0000 0020 0002 0000 0000 0000 0000 0000 0000 0000
0000 0801 0000 0000 0000 0000 0000 0000 0000 0000 8000 0000 0000 0000 0800 0000
0000 0000 0000 0000 0000 0000 0000 0000 0000 0000 0000 0000 0000 0000 0000 0000
0000 0000 0000 0000 0000 0000 0000 0000 0000 0000 0000 0000 0000 0000 0000 0000
0000 0000 8000 0000 0000 0000 0000 0000 0000 0000 0000 0400 0000 0000 0000 0000
0000 0004 0000 0000 0000 0000 0000 0000 0000 0000 0000 0100 0000 0000 0000 0000
0000 0000 0000 0000 0000 0000 0000 0000 0000 0000 0000 0000 0000 0000 0000 0000
0000 0000 0000 0000 0000 0000 0000 0000 0000 0000 0000 0000 0000 0000 0000 0020
0000 0000 0000 0008 0000 0000 0000 0000 0000 0000 0000 0000 0020 0000 0000 0000
0000 0000 0080 0000 0000 0000 0000 0000 0000 0000 0000 0000 0000 0000 0000 0000
0000 0000 0000 0000 0000 0000 0000 0000 0000 0000 0000 0000 0002 0000 0000 0000
0000 0800 0000 0000 0020 0000 0000 0000 0000 0000 0000 0000 0000 0000 0000 0000
0000 0000 0000 0000 0000 0000 0000 0000 0000 0000 0000 0000 0000 0000 0000 0000
0000 0000 0008 0000 0000 0000 0000 0000 0000 0000 0000 0000 0000 0000 0000 0000
0000 0000 0000 0000 0000 0000 0000 0000 0000 0000 0000 0000 0000 0000 0000 0000
0000 0000 0000 0000 0000 0040 0000 0000 0000 0000 0000 0000 0000 0000 0000 0000
0000 0008 0000 0000 0000 0000 0000 0000 0000 0000 0200 0000 0000 0000 0000 0080
0000 0000 0000 0000 0000 0000 0010 0000 0000 0000 0000 0000 0000 0000 0000 0000
0200 0000 0000 0000 0400 0000 0000 0000 0000 0000 0000 0000 0000 0000 0000 0000
0000 0000 0000 2000 0000 0000 0000 0400 0000 0000 0000 0000 0000 0000 0000 0000
0000 0000 0000 0000 0001 0000 0000 0000 0000 0000 0000 0000 0200 0000 0000 0000
0000 0000 0000 0000 0000 0000 0000 0000 0000 0000 0000 0000 0420 0000 0400 0000
0000 0020 0000 0000 0000 0040 0000 0000 0000 0000 0000 0000 0000 0000 0000 0020
0000 0000 0000 0000 0000 0000 0000 0000 0000 0000 0000 0000 0000 0000 0000 0000
0000 0000 0000 0000 0000 0000 0000 0000 0000 0000 0000 0000 0080 0000 0000 0000
0000 0000 0000 0000 0000 0000 0000 0000 0000 0000 0080 0000 0000 0000 0000 0000
0000 0000 0000 0000 0000 0000 0000 0000 0000 0000 0000 0000 0000 0000 0000 0000
0000 0000 0000 0000 0000 0000 0000 0000 0000 0000 0000 0000 0000 0000 0000 0000
0100 0000 0000 0000 0000 0000 0000 0000 0000 0000 0000 0000 0000 0000 0000 0000
0000 0000 0080 0000 0000 0000 0200 0000 0000 0000 0000 0000 0000 0400 0000 0000
0000 0000 0000 0000 0000 0000 0000 0000 0000 0000 0000 0000 0000 0000 0000 0000
0000 0000 0000 0000 0000 0010 0000 0000 0000 0000 0000 0000 0000 0000 0000 0000
0000 0000 0000 0080 0000 0000 0000 0000 0000 0000 0000 0000 0000 0000 0000 0000
0000 0000 0000 0000 0000 0000 0000 0000 0000 0000 0000 0000 0000 0000 0000 0000
0000 0000 0000 0000 0000 0000 0000 0000 0000 0000 0000 0000 0000 0000 0000 0000
0000 0000 0000 0000 0000 0000 0000 0000 0000 0000 0000 0000 0000 0000 0000 0000
0000 0000 0000 0000 0000 0000 0000 0000 0000 0000 0000 0000 0020 0000 0000 0000
0000 0000 0000 0000 0000 0000 0000 0000 0000 0000 0000 0000 0000 0000 0000 0000
0000 0000 0000 0000 0000 0000 0000 0000 0000 0000 0000 0000 0000 0000 0000 0000
0000 0000 0000 0000 0000 0000 0000 0000 0000 0000 0000 0000 0000 0000 0000 0080
0000 0000 0000 0000 0000 0000 0000 0000 0000 0000 0000 0000 0000 0100 0000 0000
0000 0000 0000 0000 0000 0000 0000 0000 0000 0000 0000 0000 0000 0000 0000 0000
0000 0000 0000 0000 0000 0000 0000 0000 0000 0000 0000 0000 0000 0000 0000 0000
0000 0000 0000 0000 0000 0000 0000 0000 0000 0000 0000 0000 0000 0000 0000 0000
0000 0000 0000 0000 0000 0000 0000 0000 0000 0000 0000 0000 0000 0000 0000 0000
0000 0000 0000 0000 0000 0000 0000 0000 0000 2000 0000 0000 0000 0000 0000 0000
0000 0000 0000 0000 0000 0000 0000 0000 0000 0000 1000 0000 0040 0000 0000 0000
0000 0000 0000 0000 0000 0000 0000 0000 0000 0000 0000 0000 0000 0000 0000 0000
0000 0000 0000 0000 0000 0000 0000 0000 0000 0000 0000 0000 0000 0000 0000 0000
0000 0000 0000 0000 0000 0000 0000 0000 0000 0000 0000 0000 0800 0000 0000 0000
0000 0000 0000 0000 0000 0000 0000 0000 0000 0000 0000 0000 0008 0000 0010 0000
0000 0000 0010 0000 0000 0000 0000 0000 0000 0000 0000 0000 0000 0000 0000 0000
0000 0000 0000 0000 0000 0000 0000 0000 0000 0000 0000 0000 0000 0000 0000 0000
0080 0000 0000 0000 0000 0000 0000 0000 0000 0000 0000 0000 0000 0000 0000 0000
0000 0000 0000 0000 0000 0000 0000 0000 0000 0000 0000 0000 0000 0000 0000 0000
0001 0000 0000 0000 0000 0000 0000 0000 0000 0000 0000 0000 0000 0000 0000 0000
0000 0000 0000 0000 0000 0000 0000 0000 0000 0000 0000 0000 0000 0000 0000 0000
0000 0100 0000 0000 0000 0000 0000 0000 0000 0000 0000 0000 0000 0000 0000 0000
0000 0000 0000 0000 0000 0000 0000 0000 0000 0000 0000 0000 0000 0000 0000 0000
0000 0000 0000 0000 0000 0000 0000 0000 0000 0000 0000 0000 0000 0000 0000 0000
0000 0000 0000 8000 0000 0000 0000 2000 0002 0000 2000 0000 0000 0000 0000 0000
0000 0000 0000 0040 0000 0000 0000 0008 0000 0000 0000 0000 0000 0000 0000 0000
0000 0000 0000 0000 0000 0000 0000 0000 0000 0000 0000 0000 0000 0200 0000 0000
0000 0000 0000 0000 0000 0000 0000 0000 0000 0000 0000 0000 0000 0000 0000 0000
0000 0000 0000 0000 0000 0000 0000 0000 0000 0000 0000 0000 0000 0000 0000 0000
0000 0000 0000 0000 0002 0000 0000 0010 0000 0000 0000 0000 0000 0000 0000 0000
0000 0000 0000 0000 0000 0200 0000 0000 0000 0000 0000 0000 0000 0000 0000 0000
0000 0000 0000 0000 0040 0000 0000 0000 0000 0000 0000 0000 0000 0000 0000 0000
0000 0000 0000 0000 0000 0000 0000 0000 0000 0000 0000 0000 0000 0000 0000 0000
0000 0000 0000 0000 0000 0000 0000 0000 0000 0000 0000 0000 0000 0000 0000 0000
0000 0000 0000 0000 0000 0000 0000 0000 0000 0000 0000 0000 0000 0000 0000 0000
0000 0000 0000 0000 0000 0000 0000 0004 0000 0000 0000 0000 0000 0000 0000 0000
0000 0000 0000 0000 0000 0000 0000 0000 0000 0000 0000 0000 0000 0000 0000 0000
0000 0000 0000 0000 0000 0010 0000 0000 0000 0000 0000 0000 0040 0000 0000 0000
0000 1000 0000 0000 0000 0000 0000 0000 0000 0000 0000 0000 0000 0000 0000 0000
0000 0000 0000 0000 0000 0000 0000 0000 0000 0000 0000 0000 0000 0000 0000 0000
0000 0000 0000 0000 0000 0000 0000 0000 0000 0000 0000 0000 0000 0000 0000 0000
0000 0000 0000 0000 0000 0000 0000 0000 0000 0000 0000 0000 0000 0000 0000 0000
0000 0000 0000 0000 0000 0000 0000 0000 0000 0000 0000 0000 0000 0000 0000 0000
0000 0000 0000 0000 0000 0000 0000 0200 0000 0000 0000 0000 0000 0000 0000 0000
0000 0000 0000 0000 0000 0000 0000 0080 0000 0000 0000 0000 0000 0000 0000 0000
0000 0000 0000 0000 0000 0000 0000 0000 0000 0001 0000 0000 0000 0000 8000 0000
0000 0000 0000 0000 0000 0000 0000 0000 0000 0000 0000 0000 0000 0000 0000 0000
0000 0000 0000 0080 0000 0000 0000 0000 0000 0000 0000 0000 0000 0000 0000 0000
0000 0004 0000 0000 0000 0000 0000 0000 0000 0000 0000 0000 0000 0000 0000 0000
0000 0000 0000 0000 0000 0000 0000 0000 0000 0000 0000 0000 0000 0000 0000 0000
0000 0000 0000 0000 0000 0000 0000 0000 0000 0000 0000 0000 0000 0000 0000 0000
0000 0000 0000 0000 0000 0000 0000 0000 0000 0000 0000 0020 0000 0000 0000 0000
0000 0000 0000 0000 0000 0000 0000 0000 0000 0000 0000 0000 0000 0000 0000 0000
0000 0000 0000 0000 0000 0000 0000 0000 0000 0000 0000 0000 0000 0000 0000 0080
0000 0000 0000 0000 0000 0000 0000 0000 0000 0000 0000 0000 0000 0000 0000 0000
0000 0000 0000 0000 0000 0000 0000 0000 0000 0000 0000 0000 0000 0000 0000 0000
0000 0000 0000 0000 0000 0000 0000 0000 0000 0000 0000 0000 0000 0000 0000 0000
0000 0000 0000 0000 0000 0000 0000 0000 0000 0000 0000 0000 0000 0000 0000 0000
0000 0000 0000 0000 0000 0000 0000 0000 0000 0000 0000 0000 0000 0000 0000 0000
0000 0000 0000 0000 0000 0000 0000 0000 0000 0000 0000 0000 0000 0000 0000 0000
0000 0000 0000 0000 0000 0000 0000 0000 0000 0000 0020 0000 0000 0000 0000 0000
0000 0000 0000 0000 0000 0000 0000 0000 0000 0000 0000 0010 0000 0000 0400 0000
Physical Chip 5
0000 0000 0040 0000 0000 0000 1000 0000 0000 0000 0000 0000 0000 0000 4000 0000
0000 0000 0000 0000 0000 0000 0000 0000 0000 0000 0000 0000 0000 0000 0000 0000
0000 0000 0000 0000 0000 0040 0000 0000 0000 2000 0000 0000 0000 0000 0000 0000
0000 0000 1000 0000 0060 0000 0000 0000 0000 0000 0000 0000 0000 0000 0000 0000
0000 0000 0000 0000 0000 0000 0000 0000 0000 0000 0000 0000 0000 0000 0040 0000
0000 0000 0000 0000 0000 0000 0080 0000 0000 0000 0000 0000 0000 0000 0000 0000
0000 0000 0000 0000 0000 0000 0020 0000 0000 0000 0000 0000 0000 0040 0000 0000
0000 0000 0000 0000 0000 0000 0000 0000 0000 0000 0000 0000 0000 0000 0000 0001
0000 0000 0000 0000 0000 0000 0000 2000 0000 0000 0000 0000 0000 0000 0000 0000
0000 0000 0000 0000 0020 0000 0000 0000 0000 0000 0000 0000 0000 0000 0000 0000
0000 0000 0000 0000 0000 0000 0000 0000 0000 0000 0000 0000 0000 0000 0000 0000
0000 0000 0000 0000 0000 0000 0000 0000 0000 0000 0000 0000 0000 0000 0000 0000
0000 0000 0000 0000 0000 0000 0000 0000 0000 0000 0000 0000 0000 0000 0000 0000
0000 0000 0000 0000 0000 0000 0000 0000 0000 0000 0000 0000 0000 0000 0000 0000
0000 0000 0000 0100 0000 0000 0000 0000 0000 0000 0000 0000 0000 0000 0000 0000
0000 0000 0000 0000 0000 0000 2000 0000 0000 0000 0000 0000 0000 0000 0002 0000
0000 0000 0000 0000 0040 0000 0800 0000 0000 0000 0000 0000 0000 0000 0000 0000
0000 0000 0040 0000 0000 0000 0000 0000 8000 0000 0000 0000 0000 0000 0000 0000
0000 0200 0000 0000 0000 0000 0000 0000 0000 0000 0000 0000 0000 0000 0000 0000
0000 0000 0000 0000 0000 0000 0000 0000 0000 0000 0000 0000 0000 0000 0000 0000
0000 0000 0000 0000 0000 0010 0000 0000 0400 0000 0000 0000 0000 0000 0000 0000
0000 0000 0000 0000 0000 0000 0000 0000 0000 0000 0000 0000 0000 0000 0000 0000
0000 0000 0000 0000 0000 0000 0000 0000 0000 0000 0000 0000 0000 0000 0000 0000
0000 0000 0000 0000 0000 0000 0000 0000 0000 0000 0000 0000 0000 0000 0000 0000
0000 0000 0000 0000 0000 0000 0020 0000 0000 0000 0000 2000 0000 0000 0000 0000
0000 0000 0000 0000 0000 0000 0000 0000 0000 0000 0000 0000 0000 0000 0000 0000
0000 0000 0000 0000 0000 0000 0000 0000 0000 0000 0000 0000 0000 0000 0000 0000
0000 0000 0000 0000 0000 0000 0000 0000 0000 0000 0000 0000 0000 0000 0000 0000
0000 0004 0000 0000 0000 0000 0000 0000 0000 0000 0000 0000 0000 0000 0000 0000
0000 0000 0000 0000 0000 0000 0000 0002 0000 0000 0000 0000 0000 0000 0000 0000
0000 0200 0000 0000 0080 0008 0000 0000 0000 0000 0000 0000 0000 0000 0000 0000
8000 0000 0000 0000 0000 0000 0000 0080 0000 0000 0000 0000 0000 0000 0000 0000
0000 0000 0000 0000 0000 0000 0000 0000 0000 0000 0000 0000 0000 0000 0000 0000
0000 0000 0000 0000 0000 0000 0000 0000 0000 0000 0000 0000 0000 0000 0000 0000
0000 0000 0000 0000 0000 0000 0000 0000 0400 0000 0000 0000 0000 0000 0000 0000
0000 0000 0000 0000 0000 0000 0000 0000 0000 0000 0000 0000 0000 0000 0000 0000
0000 0000 0000 0000 0000 0000 0000 0000 0000 0000 0000 0000 0000 0000 0000 0000
0000 0000 0000 0000 0000 0000 0000 0000 0000 0000 0000 0000 0000 0000 0000 0000
0000 0000 0000 0000 0000 0000 0000 0000 0000 0000 0000 0000 0000 0000 0000 0000
0000 0000 0000 0000 0000 0000 0000 0000 0000 0000 0000 0000 0000 0000 0000 0000
0000 0000 0000 0000 0000 0000 0000 0000 0000 0400 0000 0000 0000 0000 0000 0000
0000 0000 0000 0000 0000 0000 0000 0000 0000 0000 0000 0000 0000 0000 0000 0000
0000 0000 0000 0000 0000 0000 0000 0000 0000 0000 0000 0000 0000 0000 0000 0000
0000 0000 0000 0000 0000 0000 0000 0000 0000 0000 0000 2000 0000 0000 0000 0000
0000 0000 0000 0080 0000 0000 0000 0000 0000 0000 0000 0000 0000 0000 0000 0000
0000 0000 0000 0000 0000 0000 0000 0008 0000 0000 0000 0000 0000 0000 0000 0000
0000 0000 0000 0000 0000 0000 0000 0000 8000 0000 0000 0000 0000 0000 0000 0000
0000 0000 0000 0000 0000 0000 0000 0000 0000 0000 0000 0000 0000 0000 0000 0000
0000 0000 0800 0000 0000 0000 0000 0000 0000 0000 0000 0000 0000 0000 0000 0000
0000 0000 0000 0200 0000 0000 0000 0000 0000 0000 0000 0000 0000 0000 0000 0000
0000 0000 0000 0000 0000 0000 0000 0000 0000 0000 0000 0000 0000 0000 0000 0000
0000 0000 2000 0000 0000 0010 0000 0000 0000 0000 0000 0000 0000 0000 0000 0000
0001 0000 0000 0000 0800 0000 0000 0000 4000 0000 0000 0000 0000 0000 0000 0008
0000 0000 0000 0000 0000 0000 0000 0000 0000 0000 0000 0000 4000 0000 0000 0000
0000 0040 0000 0000 0000 0000 0000 0000 0000 0000 0000 0000 0000 0000 0000 0000
0000 0000 0000 0000 0000 0000 0000 0000 0000 0000 0000 0000 0000 0000 0000 0000
0000 0000 0040 0100 0001 0000 0000 0000 0000 0000 0000 0000 0000 0000 0000 0000
0000 0000 0000 0040 0000 0000 0000 0000 0000 0000 0000 0000 0000 0000 0000 0000
0000 0000 0000 0000 0000 0000 0000 0000 0000 0000 0000 0000 0000 0000 0000 0000
0000 0000 0000 0000 0000 0000 0000 0002 0000 0000 0000 0000 0000 0000 0000 0000
0000 0000 0000 0000 0000 0000 0000 8000 0000 0000 0000 0000 0000 0000 0000 0000
0000 0000 0000 0000 0000 0000 0000 0000 0000 0000 0000 0000 0000 0000 0000 0000
0000 0000 0000 0000 0000 0000 0000 0000 0000 0080 0000 0000 0000 0000 8000 0000
0000 0000 0000 0000 0000 0008 0000 0000 0000 0000 0000 0000 0800 0000 0000 0000
0000 0000 0000 0000 0000 0000 0000 0000 0000 0000 0000 0000 0000 0001 0000 0000
0000 0000 0000 0000 0000 0000 0000 0000 0000 0000 0000 0000 0000 0000 0000 0000
0000 0000 0000 0000 0000 0000 0000 0000 0000 0000 0000 0000 0000 0000 0000 0000
0000 0000 0000 0000 0000 0000 0000 0000 0000 0000 0000 0000 0000 0000 0000 0000
0000 0000 0000 0000 0000 0000 0000 0000 0000 0000 0000 0000 0000 0000 0000 0000
0000 0000 0000 0000 0000 0000 0000 0000 0000 0000 0000 0000 0000 0000 0000 0000
0000 0000 0000 0000 0000 0000 0000 0000 0000 0004 0000 0000 0000 0002 0000 0000
0000 0000 0800 0000 0000 0000 0000 0000 0000 0000 0000 0000 0000 0000 0000 0400
0000 0000 0000 0000 0000 0000 0000 0000 0000 0000 0000 0000 0000 0000 0000 0000
0000 0000 0000 0080 1000 0000 0000 0000 0000 0000 0000 0000 0000 0000 0000 0000
0000 0000 0000 0000 0000 0000 0000 0000 0000 0000 0000 0000 0000 0000 0000 0000
0000 0000 0000 0000 0000 0000 0000 0000 0000 0000 0000 0000 0000 0000 0000 0000
0000 0000 0000 0000 0000 0000 0000 0000 0000 0000 0000 8000 0000 0000 0000 0000
0000 0000 0000 0000 0000 0000 0000 0000 0000 0000 0000 0000 0000 0000 0000 0000
0000 0000 0000 0000 0000 0000 0000 0000 0000 0000 0000 0000 0000 0000 0000 0000
0000 0000 0000 0000 0000 0000 0000 0000 0000 0000 0000 0000 0000 0000 0000 0000
0000 0000 0000 0000 0000 0000 0000 0000 0000 0000 0000 0000 0000 0000 0000 0000
0000 0000 0000 0000 0000 0000 0200 0000 0000 0000 0000 0000 0000 0000 0200 0000
0000 0000 0000 0000 0000 0000 0000 0000 0000 0000 0000 0000 4000 0000 0000 0000
0000 0000 0000 0000 0000 0000 0000 0000 0000 0008 0000 0000 1000 0000 0000 0000
0000 0000 0000 0000 0000 0000 0000 0000 0000 0000 0000 0000 0000 0000 0000 0000
0000 0000 0000 0000 0000 0000 0000 0000 0000 0000 0000 0000 0000 0000 0000 0000
0000 0000 0000 0000 0000 0000 0000 0000 0000 0000 0000 0000 0000 0000 0000 0000
0000 0000 0000 0000 0000 0000 0000 0000 0000 0000 0000 0000 0000 0000 0000 0000
0000 0000 0000 0000 0000 0000 0000 0000 0000 0000 0000 0000 0000 0000 0000 0000
0000 0000 0000 0000 0000 0000 0000 0000 0000 0000 0000 0000 0000 0000 0000 0000
0000 0000 0000 0000 0000 0000 0000 0000 0000 0000 0000 0000 0000 0100 0000 0000
0040 0000 0000 0000 0000 0000 0000 0000 0000 0000 0000 0000 0000 0000 4000 2000
0000 0000 0000 0000 0000 0000 0000 0000 0000 0000 0000 0000 0000 0000 0000 0000
0000 0000 0000 0000 0000 0000 0000 0000 0000 0000 0000 0000 0000 0000 0000 0000
0000 0000 0000 0000 0000 0000 0000 0000 0000 0000 0000 0000 0000 4000 0000 0000
0000 0000 0000 0000 0000 0020 0000 0000 0000 0000 0000 0000 0000 0000 0000 0000
0000 0000 0000 0000 0000 0000 0000 0000 0000 0000 0000 0000 0000 0000 0000 0000
0000 0000 0000 0000 0000 0000 0000 0000 0000 0000 0000 0000 0000 0020 0000 0000
0000 0000 0000 0000 0000 0000 0000 0000 0000 0000 0000 0000 8000 0800 0000 0000
0002 0000 0000 0000 0000 0000 0000 0000 0000 0000 0000 0000 0000 0000 0000 0000
0000 0000 0000 0000 0000 0000 0000 0000 0000 0000 0000 0000 0000 0000 0880 0000
0000 0000 0001 0000 0000 0000 0000 0000 0000 0000 0008 0000 0000 0000 0000 0000
0000 0000 0000 0000 0000 0000 0000 0000 0000 0000 0000 0000 0000 0000 0000 0000
0000 0000 0000 0000 0000 0000 0000 0000 0000 0000 0000 0000 0000 0000 0000 0000
0000 0000 0000 0000 0000 0000 0000 0000 0000 0000 0000 0000 0000 0000 0000 0000
0000 0000 0000 0000 0000 0000 0000 0000 0000 0000 0000 0000 0000 0000 0000 0000
0000 0000 0000 0000 0000 0000 0000 0000 0002 0000 0000 0000 0000 0008 0000 0000
0000 0000 0000 0000 0000 0000 0000 0000 0000 0000 0000 0000 0000 0000 0000 0000
0000 0000 0000 0000 0000 0000 0000 0000 0000 0000 0000 8000 2000 0000 0000 0000
0002 0040 0000 0000 0000 0000 0000 0000 0000 0000 0000 0000 0000 0000 0000 0000
0000 0000 0000 0000 0000 0000 0000 0000 0000 0000 0000 0000 0000 0000 4000 0000
0000 0000 0000 0000 0000 0000 0000 0000 0000 0000 0000 0000 2000 0000 0000 0000
0002 0000 0000 0000 0000 0020 0000 0000 0000 0000 0000 0000 0000 0000 0000 0000
0000 0000 0000 0000 0000 0000 0000 0000 0000 0000 0000 0000 0000 0000 0000 0000
0000 0000 0000 0000 0000 0000 0000 0000 0000 0000 0000 0000 0000 0000 0000 0000
0000 0000 0000 0000 0000 0200 0000 0000 0000 0000 0000 0000 0000 0000 0000 0000
0000 0000 0000 0000 0000 0000 0000 0000 0000 0000 0000 0000 1000 0000 0000 0000
2000 0000 0000 0000 0000 0000 0000 0000 0000 0000 0000 0000 0000 0000 0000 0000
0000 0000 0000 0000 0000 0000 0000 0000 0000 0000 0000 0000 0000 0000 0000 0000
0000 0000 0000 0000 0000 0000 0080 0000 0000 0000 0000 0000 0000 0000 0020 0000
0000 0000 0000 0000 0000 0000 0000 0000 0008 0000 0000 0000 0000 0000 0000 0000
0000 0000 0000 0000 0000 0000 0000 0000 0000 0000 0000 0000 0000 0000 0000 0000
0000 0000 0000 0000 0000 0000 0000 0000 0000 0000 0000 0000 0000 0000 0000 0000
0000 0000 0000 0000 0000 0000 0000 0000 0000 0000 0000 0000 0000 0000 0000 0000
0000 0000 0000 0000 0000 0000 4000 0000 0000 0000 0000 0000 0000 0000 0000 0000
0000 0000 0000 0000 0000 0000 0000 0000 0000 0000 0000 0000 0000 0000 0000 0000
0000 0004 0000 0000 0000 0000 0000 0000 0000 0000 0000 0000 0000 0000 0000 0010
0000 0000 0000 0000 0000 0000 0000 1000 0000 0000 0000 0000 0000 0000 0000 0000
Physical Chip 6
0000 0000 0000 0000 0000 0000 0000 0000 0020 0000 0000 0000 0000 0000 0000 0100
0000 0000 0000 0000 0000 0000 0000 0000 0000 0000 0000 0000 0000 0000 0000 0000
0000 0000 0000 0000 0000 0000 0000 0000 0000 0000 1000 0000 0000 0000 0000 0000
0000 0000 0000 0100 0000 0000 2000 0000 0000 0001 0000 0000 0000 0000 0000 0000
0000 0000 0000 0000 0000 0000 0000 0000 0000 0100 0000 0000 0000 0000 0000 0000
0000 0000 0000 0000 0000 0000 0000 0000 0000 0000 0000 0000 0100 0000 0000 0000
0000 0800 0000 0000 0000 0000 0000 0000 0000 0000 0000 0000 0000 0000 0000 0000
0000 0000 0000 0000 0000 0000 0000 0100 0000 0000 0400 0000 0000 0000 0000 0000
0000 0000 1000 0000 0000 0000 0000 0000 0000 0000 0000 0000 0000 0000 0000 0000
0000 0000 0000 0000 0000 0000 0000 0000 0000 0000 0000 0000 0000 0000 0000 0000
0000 0000 0000 0000 0000 0000 0000 0000 0000 0040 0000 0000 0000 0000 0000 0000
0000 0000 0000 0000 0000 0000 0000 0000 0000 0020 0000 0000 0000 0400 4000 0000
0000 0008 2000 0000 0000 0000 0000 0000 0000 0000 0000 0000 0000 0000 0000 0800
0000 0000 0000 0000 0100 0000 0000 0000 0000 0000 0000 0400 0000 0000 0000 0000
0000 0000 0000 0000 0000 0000 0000 0000 0000 0000 0000 0000 0000 0000 4000 0000
0000 0000 0000 0000 0000 0000 0000 0100 0000 0000 0000 0000 0000 0000 0000 0000
0000 0000 0000 0000 0000 0000 0000 0000 0000 0000 0000 0000 0000 0000 0000 0000
0000 0000 0000 0000 0000 0000 0000 0000 0000 0000 0000 0000 0020 0000 0000 0000
0000 0000 8000 0000 0000 0000 0000 0000 0000 0000 0000 0000 0000 0000 0000 0000
0000 0000 0000 0000 0000 0000 0000 0000 0010 0000 0000 0000 0000 0000 0000 0000
0000 0000 0000 0000 0000 0000 0000 0000 0000 0000 0000 0000 0000 0000 0000 0000
0000 0000 0000 0000 0000 0000 0000 0000 0000 0000 0000 0000 1000 0000 0000 0000
0000 0000 0000 0000 0000 0000 0000 0000 0000 0000 0000 0000 0000 0000 0000 0000
0000 0000 0000 0000 0000 0000 0000 0000 0000 0004 0100 0000 0000 0000 0002 0000
0000 0000 0008 4000 0000 0000 0000 0000 0000 0000 0000 0000 0000 0000 0000 0000
0000 0000 0000 0000 0000 0000 0000 0000 0000 0000 0000 0000 0000 0000 0000 0000
0000 0000 0000 0000 0000 0000 0000 0000 0000 0010 0000 0000 0000 0000 0000 0000
0000 0000 0000 0000 0000 0000 0000 0000 0000 0000 0000 0000 0000 0000 0000 0000
0000 0000 0000 0000 0000 0000 0000 0000 0000 0000 0000 0000 5000 0000 0000 0000
0000 0000 0000 0000 0000 0000 0000 0000 0000 0000 0000 0000 0000 0000 0000 0000
0000 0000 0000 0000 0000 0000 0000 0000 0000 0000 0000 0000 0000 0000 0000 0200
0000 0000 0000 0000 0000 0000 0000 0000 0000 0000 0000 0000 0000 0000 0000 0000
0000 0000 0000 0000 0000 0000 0000 0000 0000 2000 0000 0000 0000 0000 0000 0000
0000 8000 0000 0000 0000 0000 0000 0000 0000 0000 0000 0000 0000 0000 0000 0040
0000 0000 0000 0000 0000 0000 0000 0000 0000 1000 0000 0000 0000 0000 0000 0000
0000 0000 0000 0000 0000 0000 0000 0000 0000 0000 0000 0000 0000 0000 0000 0000
0000 0000 0000 0000 0000 0000 0000 0000 0000 0000 0000 0800 0000 0002 0000 0000
0000 0000 0000 0000 0000 0000 0000 0000 0000 0000 0000 0000 0000 0000 0000 0000
0000 0000 0000 0000 0000 0000 0000 0000 0000 0000 0000 0000 0000 0000 0000 0000
0000 0000 0000 0000 0000 0000 0000 0000 0000 0000 0000 0000 0000 0000 0000 0000
0000 0000 0000 0000 0000 0000 0000 0000 0000 0000 0000 0000 0000 0000 0000 0008
0000 0000 0000 0000 0000 0000 0000 0010 0000 0000 0000 2000 0000 0000 0000 0000
0000 0000 0000 0000 0400 0000 0000 0000 0000 0000 0000 0000 0000 0000 0000 0000
0000 0000 0000 0000 0000 0000 0000 0000 0000 0000 0000 0000 0010 0000 0000 0000
0000 0000 0000 0000 0000 0000 0000 0000 0000 0000 0000 0000 0000 0000 0000 0000
0000 0000 0000 0000 0000 0000 0000 0000 8000 0000 0400 0000 0800 0000 0000 0000
0000 0000 0000 0000 0000 0000 0000 0000 0000 0000 0000 0000 0000 0000 0000 0000
0000 0000 0000 0000 0000 0000 0000 0000 0000 0200 0000 0000 0000 0100 0000 0000
0000 0000 0000 0000 0000 0000 0000 0000 0000 0000 0000 0000 0000 0000 0000 0000
8000 0000 0000 0000 0000 0000 0000 0000 0000 0000 0000 2000 0000 0000 0000 0000
0000 0000 0000 0000 0000 0004 0000 0000 0000 0000 0000 0000 0000 0000 0000 0000
0000 0000 0000 0000 0000 0000 0000 0000 0000 0000 0000 0000 0000 0000 0000 0000
0000 0000 0000 0000 0000 0000 0000 0000 0000 0000 0080 0000 0000 0000 0000 0000
0000 0000 0000 0000 0000 0000 0000 0000 0000 0000 0000 0000 0000 0000 0000 0000
0000 0000 0000 0000 0000 0000 0000 0000 0000 0000 0000 0000 0100 0000 0080 0000
0000 0000 0000 0000 0000 0000 0000 0000 0000 0000 0000 0000 0000 0000 0000 0000
0040 0000 0000 0000 0000 0000 0000 0010 0000 0000 0000 0004 0000 0000 0000 0000
0000 0000 0000 0000 0000 0000 0000 0000 0000 0000 0000 0000 0000 0000 0000 0000
0000 0000 0000 0000 0000 0000 0000 0000 0000 0000 0000 0000 0000 0000 0000 0000
0000 0000 0000 0000 0000 0000 0040 0000 0000 0000 0000 0000 0000 0000 0000 0000
0000 0000 0000 0000 0000 0000 0000 0000 0000 0000 0000 0000 0000 0000 0000 0000
0000 0000 0000 0000 0000 0000 0000 0000 0000 0000 0000 0000 0000 0000 8000 0000
0000 0000 0000 0000 0000 0000 0000 0000 0000 0000 0000 0000 0000 0000 0000 0000
0000 0000 0000 0000 0000 0000 0000 0000 0000 0000 0000 0000 0000 0000 0400 0000
0000 0000 0000 0000 0000 0000 0000 0000 0000 0000 0000 0000 0000 0000 0000 0000
0000 0000 0000 0000 0000 0000 0000 0040 0000 0000 0000 0000 0000 1004 0000 0000
0100 0000 0000 0400 0000 0000 0000 0000 0000 0000 0000 0000 0000 0001 0000 0000
0000 0000 0000 0000 0000 0000 0000 0000 0000 0000 0000 0000 0000 0000 0000 0000
0000 0000 0000 0000 0010 0000 0000 0200 0000 0000 0000 0000 0000 0000 0000 0000
0000 0000 0000 0000 0000 0000 0000 0000 0000 0100 0000 0000 0000 0000 0000 0000
0000 0000 0000 0000 0100 0020 0000 0000 0000 0000 0000 0000 0000 0000 0000 0010
0000 0000 0000 0000 0000 0004 0000 0002 0000 0000 0000 0000 0000 0000 0000 0000
0000 8000 0000 0000 0000 0400 0000 0000 0000 0000 8000 0000 0000 0000 0000 0000
0000 0000 0000 0000 0000 0000 0000 0000 0000 0000 0000 0000 0000 0000 0000 0000
0000 0000 0000 0000 0000 0000 0000 0000 0000 0000 0000 0000 0000 0000 0000 0000
0000 0000 0000 0000 0000 0000 0000 0000 0000 0000 0000 0000 0200 0000 0000 0000
0000 0000 0000 0000 0000 0000 0000 0000 0000 0000 0000 0000 0000 0000 0000 0000
0000 0000 0000 0000 0000 0000 0000 0000 0000 0000 0000 0000 0000 0000 0000 0000
0000 0000 0000 0000 0000 0008 0000 0008 0000 0000 0000 0000 1000 0100 0000 0000
0000 0000 0000 0000 0000 0000 2000 0000 0000 0000 0000 0000 0000 0000 0000 0000
0000 0000 0000 0000 0000 0000 0000 0000 8000 0000 0000 0000 0000 0000 0000 0000
0000 0000 0000 0000 0000 0000 0000 0000 0000 0000 0000 0000 0000 0000 0000 0000
0000 0000 0000 0000 0000 0000 0000 0010 0000 0000 0000 0000 0000 0000 0000 0000
0000 0000 0000 0000 0400 0000 0000 0000 0000 0000 0000 0000 0000 0000 0000 0800
0000 0000 0000 0000 0000 0000 0000 3000 0000 0000 0000 0000 0000 0000 0000 1000
0000 0000 4000 0000 0000 0000 0000 0000 0000 0000 0000 0000 0000 0000 0000 0020
0000 0000 0000 0000 0000 0000 0000 0000 0000 0000 0000 0000 0010 0000 0000 0000
0000 0000 0000 0000 0000 0000 0000 0000 0000 0000 0000 0000 0000 0000 0000 0000
0000 0000 0000 2000 0000 0000 0004 0000 0000 0000 0000 0000 0000 0000 0004 0000
0000 0000 0000 0000 0000 0000 0000 0000 0000 0000 0000 0000 0000 0000 0000 0000
0000 0000 0000 0000 0000 0000 0000 0000 0000 0000 0000 0000 0000 0000 0000 0000
0000 0000 0000 0000 0000 0000 0000 0000 0000 0000 0000 0000 0000 0000 0000 0000
0000 0000 0000 0000 0000 0000 0000 0000 0000 0000 0000 0000 0200 0000 0000 0000
0000 0000 0000 0000 0000 0000 0440 0000 0000 0000 0000 0000 0000 0000 0000 0000
0020 0000 0000 0000 0000 0000 0000 0000 0000 0000 0000 0000 0000 0000 0000 0000
0000 0000 0000 0000 0000 0000 0000 0000 0000 0000 0000 0000 0000 0000 0000 0000
0000 0000 0000 0000 0000 0000 0000 0000 0000 0000 0200 0000 0000 0000 0000 0000
0000 0000 0000 0000 0004 0000 0000 0000 0000 0000 0000 4000 0200 0000 0000 0000
0000 0000 0000 0000 0000 0000 0000 0000 0000 0000 0000 0000 0000 0000 0000 0000
0000 0000 0000 0004 0000 0000 0000 0000 0000 0000 0000 0000 0000 0000 0000 0000
0000 0000 0000 0000 0000 0000 0000 0000 0000 0000 0000 0000 0000 0000 0000 0000
0000 0000 0000 0000 0000 0000 0000 0000 0000 0000 0000 0000 0000 0400 0000 0000
0000 0000 0000 0000 0000 0000 0000 0000 0000 0000 0000 0000 0000 0000 0000 0000
0000 0000 0800 0000 0000 0000 0000 0000 0000 0000 0000 0000 0000 0000 0000 0000
0000 0000 0000 0000 0000 0000 0001 0000 0000 0000 0000 0000 0000 0000 0000 0000
0000 0001 0000 0000 0000 0000 0000 0000 0000 0000 0000 0000 0000 0000 0000 0000
0000 0000 0000 0000 0000 0000 0000 0000 0000 0000 0000 0000 0000 0000 0000 0000
0000 0000 0000 0000 0000 0000 0000 0000 0000 0000 0000 0000 0000 0000 0000 0800
0000 0000 0000 0000 0000 0000 0000 0000 0000 0000 0000 0000 0000 0000 0000 0000
0000 0000 0000 0000 0000 0000 0000 0000 0000 0000 0000 0000 0000 0100 0000 0000
0000 0000 0000 0000 0000 0000 0000 0000 0000 4004 0000 0000 0000 0000 0000 0000
0000 0000 0000 0080 0000 0000 0000 0000 0000 0000 0000 0000 0000 0000 0000 0000
0000 0000 0000 0000 0000 0000 0000 0000 0000 0080 0000 0000 0000 0000 0000 0000
0000 0000 0000 0000 0000 0000 0000 0040 0000 0000 0000 0000 0000 0040 0000 0000
0000 0000 0000 0000 0000 0000 0000 0000 0002 0000 0000 0000 0000 0020 0000 0000
0000 0000 0000 0020 0000 0000 0000 0008 0000 0000 0000 0000 4000 0000 0000 0100
0000 0020 0000 0000 0040 0000 0000 0000 0000 0000 0000 0000 0000 0000 0000 0000
0000 0000 0000 0200 0000 0000 0000 0000 0000 0000 0000 0000 0000 0000 0000 0000
0000 0000 0000 0000 0000 0000 0000 0000 0000 0000 0000 0000 0000 0000 0000 0000
0000 0000 0000 0000 0000 0000 0000 0000 0000 0000 0000 0000 0000 0000 0000 0000
0000 0000 0000 0000 0000 0000 0000 0000 0000 0200 0000 0000 0000 0000 0000 0000
0000 0000 0000 0000 0000 0000 0000 0000 0000 0000 0000 0000 0000 0000 0000 0000
0000 0000 0000 0000 0000 0000 0002 0000 0000 0000 0000 0000 0040 0000 0000 0000
0000 0000 0000 0000 0000 0000 0000 0000 0000 0000 0000 0000 0000 0000 0000 0000
0000 0000 0000 0000 0000 0000 0000 0000 0000 0000 0000 0000 0000 0000 0000 0000
0000 0000 0000 0000 0800 0000 0000 0000 0000 0000 4000 0000 0000 0000 0000 0000
0000 0000 0000 0000 0000 0000 0000 0000 0000 0000 0000 0000 0000 0000 0000 0000
0000 0000 0000 0000 4000 0000 0000 0000 0000 0000 0000 0000 0000 0000 0000 0000
Physical Chip 7
0000 0000 0000 0000 0000 0000 0000 0000 0000 0800 0000 0000 0000 0400 0000 0000
0801 0000 0000 0000 0000 0080 0000 0000 0008 0400 0000 0000 0004 4000 0200 0000
0000 2000 0000 2000 0000 0000 0000 0000 0000 0000 0000 0000 0000 0000 0000 0000
0000 8000 0000 0000 0000 2000 0000 0000 0000 0000 0010 0000 0000 0000 0000 0000
0000 0002 0000 0000 0000 0000 0000 0000 0008 0000 0000 0000 0000 0040 0000 0400
0000 2020 0008 0000 0000 0000 0000 0040 0000 0001 0000 0040 2000 0000 0401 0000
0000 0000 0008 0000 0000 0000 0000 0000 0000 0080 0000 0000 0000 00C0 0800 0000
0000 0000 0000 0000 0000 0000 0003 0000 0000 0000 4000 0000 0000 0000 0000 0000
0000 0080 0080 0000 0000 0020 0000 0000 0000 2001 0000 0000 0000 0000 0000 0000
0000 0000 0000 0000 0000 0000 0800 0000 8080 0000 0010 0000 0000 0000 0000 0000
0000 0080 0004 0000 0000 0000 0000 0000 0000 0000 0020 0000 0000 0000 0000 0001
0000 0000 0080 0000 0000 0080 0200 0800 0000 0000 0000 0000 0000 0000 0000 0040
0000 0020 1000 0000 0040 0000 0020 0000 0000 1000 0000 0004 0400 0001 0000 0000
0004 0084 0000 0002 0000 0000 0000 0000 0100 0010 0000 0080 0000 0000 0000 0000
0000 0000 0000 0001 0000 0000 0002 0000 0000 0040 0000 0000 0020 0002 0000 0000
0000 0000 0000 0000 0000 0040 0000 0000 0000 0000 0005 0800 0000 0000 0000 0080
0001 0000 1020 0000 0000 0000 0010 0150 0001 0000 0000 0000 0000 0082 0000 0020
0000 0200 0040 0000 0000 0000 0000 0200 0040 0000 0000 0000 0000 0000 0000 0000
0040 0000 0100 0000 0000 0000 4020 0000 0080 0000 0000 0000 0000 0000 4004 0020
0000 0000 0000 0000 0000 0060 0000 0000 0000 0000 0000 0000 0000 0080 0000 0000
0000 0000 0000 2000 0000 0000 0000 0200 0000 0000 0000 0004 004A 0020 0000 0110
0000 0000 0000 0100 0000 0000 0001 8000 0000 0000 0040 0000 0000 0000 0010 4200
0000 0080 00C0 0068 0000 0200 0040 0040 0000 0020 0000 0000 0000 0018 0000 0000
0000 0800 0000 0000 0000 0000 0000 0000 0050 0000 0000 0040 0100 0040 2400 0000
0000 0000 0000 0040 0000 0000 0000 0002 0000 0000 0004 0040 0000 0000 0100 0000
0000 0000 1020 0000 0000 0020 0000 0004 0000 0040 0000 0200 0000 0000 0040 0041
0000 0004 0000 0000 0000 0020 0000 0000 0000 0000 0000 0000 0400 0010 0040 0000
0000 0000 0200 0000 0000 0080 0020 0000 0000 0000 0000 4000 0000 0010 0220 0080
0000 0000 0000 0000 0000 0000 0000 0000 0000 0060 0040 0000 0000 0002 0000 0000
0000 0022 0000 4000 0200 0000 0000 0080 0000 0000 0000 4000 0008 0000 0100 0000
0000 0000 0000 0000 0000 0000 8000 0000 0000 0006 0000 0000 0000 0000 0000 0000
0080 0000 0000 0000 0000 0000 0000 0000 0000 0000 0080 0000 0000 0000 0000 0000
0000 0010 0000 0000 0000 0000 0000 4008 0000 0000 0000 2000 0004 0000 2000 2000
2000 0000 0040 0000 0000 0000 0000 0040 0004 0400 0000 0000 8100 0000 0100 0040
0000 0020 0000 0000 0000 0000 0100 0000 0000 0040 0000 0000 0000 0000 0000 0010
0000 0400 0000 0000 0000 0000 0000 0000 0000 0000 0000 0010 0000 0010 0000 0000
0000 0000 0000 0000 0001 0000 000A 0000 0000 0200 0000 0000 0020 0000 0000 0000
0000 0000 0800 0000 0110 0000 0000 1000 0000 0040 0000 0000 0080 0000 0000 0010
0000 0000 0000 0000 0000 0000 0080 0000 0000 4000 0000 0000 1000 0001 0000 0010
0000 0000 0010 0000 0000 0000 0100 0000 0000 0000 0000 0000 0010 0008 0100 0000
0010 8000 0000 0000 0000 0080 0000 0000 4000 0000 0000 0000 4000 0000 0000 1000
0080 0000 0000 0000 0000 0000 0000 0000 0000 0100 0000 0040 0000 8010 0008 0020
0000 0000 0000 0800 0004 0000 0000 2000 0000 0010 0000 0000 0040 0000 0000 0000
0000 0020 0000 0080 0000 0000 0000 0000 0000 0000 0000 0000 0000 0000 1000 0000
0000 0000 0000 0000 0002 0040 0000 0000 0800 0000 0000 0000 0000 00A0 0000 0000
0000 0010 0400 0000 0000 0000 00C0 0000 0000 0000 8000 0010 0000 0000 0040 0000
0000 0000 0081 0000 0000 0000 0000 0000 0000 0000 0000 0000 0000 0000 0000 0000
0000 0000 0020 1000 0000 0000 0000 0000 0000 0040 0000 8000 0000 0000 0000 0000
0000 0001 2040 0000 0000 0000 0000 0000 0000 0000 0200 0080 0000 0100 1000 0000
0000 0000 0000 0000 0000 0000 0008 0000 0420 0080 0000 8000 0004 0000 0000 0000
0000 0000 0140 0000 0000 0010 0200 0000 0000 0000 0000 0000 0000 0000 0000 0000
0010 0000 0100 0000 0004 0000 0000 0000 0000 0000 0000 0000 8020 0000 0200 0048
0200 8040 0000 0008 0000 4000 0000 0000 0040 0000 0004 0000 0000 0000 0040 0000
0000 0000 0000 0000 0000 0000 0000 0080 0400 0000 0000 0000 0000 0000 0020 0280
0000 0000 0000 0000 0000 0000 0000 0000 0000 0000 0000 0000 0080 0000 0000 0000
0010 0000 0000 0000 0000 0000 0000 0000 0100 0000 0001 0000 0040 0000 0000 0000
0000 0000 0000 0000 0000 0000 0004 0000 4000 0800 0080 0000 0000 0080 0040 0000
0000 0000 0000 0000 0080 0000 0000 0000 0000 4000 0000 0000 0000 0000 0000 0020
0040 0000 0000 0000 0000 0000 0000 0000 0000 0000 0100 0000 0000 0000 0000 0000
0000 0000 0000 0000 0000 0000 0000 0000 0000 0000 0000 0000 0000 0000 0000 0000
0000 0100 0000 0000 0010 0000 0000 0000 0000 0002 0080 0000 0000 0000 0000 0000
0000 0000 0040 0002 0000 0000 0000 0000 0000 0000 0100 2002 0000 0400 0000 0000
0200 0000 2000 0000 0000 0004 0000 0000 0000 0000 0000 0000 0000 0000 0000 0000
0000 0000 0000 0008 0000 0000 0000 0040 0000 0000 0000 0004 0000 0000 0000 0000
0020 0000 0400 0000 0000 2000 0000 0000 0000 0000 0040 0000 0000 0000 0000 0000
0000 0000 0000 0100 0000 0000 0100 0000 0000 0000 0000 0000 0000 0000 0000 0000
0000 0800 0000 0000 0000 0000 0000 0000 0000 0000 0000 0000 0000 0000 0000 0000
0080 0000 0800 0020 0000 0000 0000 0000 0000 0006 0400 0000 0000 0000 0000 0000
0000 0000 0000 4000 0000 0400 0000 0000 0000 0000 2000 0000 0000 0000 0000 0000
0040 0008 0000 0800 0000 0000 0000 0100 0000 0000 0000 0000 0000 0000 0800 0000
0000 0000 0100 0000 0000 0000 0000 0000 2000 0000 0000 0000 0000 0000 0400 0110
0000 0000 0000 0000 0000 0000 0000 0000 0000 0100 0000 0000 0000 0000 0000 0000
0800 0000 0001 0000 0002 0000 0000 0000 0008 0000 0000 0000 0000 0000 0000 0000
0080 0000 0200 0000 0000 0000 1000 0010 0000 1000 0000 0000 0000 0000 0000 0000
0110 0010 0280 0000 0000 0040 0020 0000 0000 0008 0000 0140 1100 0002 0000 1000
0080 0000 4080 0000 0000 0000 0000 0000 0020 1100 0000 0000 1000 2000 0000 8000
0000 0100 0000 0000 0000 0000 0000 1000 0000 0000 8000 0000 0044 0020 0000 8000
0000 0000 0000 0000 0000 0000 0040 0000 0000 0100 0000 0020 0000 0000 0000 0000
0000 0000 0000 0000 0000 0000 0000 0000 0000 0200 0000 0000 0000 0000 0000 0000
0000 0000 0000 0000 0088 0100 0000 0000 0000 0000 0000 0004 0100 0000 0000 0000
4000 0000 0000 0000 0000 0000 4000 0000 0000 0400 0000 0010 0000 4000 0000 0000
0000 0000 0000 0000 0000 0000 0000 0000 0200 0000 0000 0000 0000 0000 0000 0000
0080 0000 8000 0000 0000 0000 0000 0000 0000 0002 0000 0000 0000 0000 0000 0040
0080 0000 0010 0000 0000 0004 0000 0000 0000 0000 0100 0000 0000 2040 0000 0000
0000 0000 0000 4080 0000 0000 0000 0000 0020 0000 0000 0000 0000 0000 0800 0000
0000 0800 0800 0000 0000 0000 0000 0000 0000 0000 0000 0000 0000 1000 0000 0000
A800 8000 0000 0100 0000 0000 0000 0080 0000 0000 0000 0000 0004 0000 0000 0020
0000 0080 0000 0000 0000 0000 0000 0000 0000 0002 0000 0000 0020 4000 0000 0000
0000 0000 0000 0000 0800 4200 0000 0000 0000 0000 0000 0010 0000 0001 0000 0000
0000 0000 0000 0000 0000 0100 0000 0080 4000 0000 0000 4000 0000 0000 0000 0000
0080 0004 0000 0000 0100 0000 4001 8200 0000 0000 0000 0000 0020 0000 0800 0000
0000 0000 0000 0000 0002 0000 0040 0000 0000 0000 0000 0000 0000 0000 0000 0100
0400 0080 0000 0080 0000 0000 0000 0000 0000 1000 0200 0000 0000 0000 0000 0200
0000 0000 0000 0040 0100 0000 0000 0000 0100 0000 0010 0000 0010 0000 0000 8000
0000 0000 0000 0000 0000 1000 0000 0000 0000 0000 0000 1000 0080 1000 0000 0000
0000 0000 0000 0000 0000 0000 0000 0000 0000 0200 0000 0000 0000 0000 0000 0000
0040 0000 4010 4080 0000 0000 0000 0100 0000 0000 0000 0080 0000 0000 0000 0010
0400 0000 2400 0000 0000 0000 0000 0000 0000 0000 2000 1800 0880 0080 0000 0000
0000 0000 0020 0000 0040 0000 0000 0000 0010 0020 0000 0000 0000 0000 0000 0000
0000 0000 0000 8000 0000 0000 0000 0210 0000 0800 0000 0008 0000 1000 0000 0000
0000 0000 0000 0000 00A0 0400 0000 0000 0000 0000 0000 0000 0080 0000 0000 0000
0120 0000 0000 0000 0004 0000 0000 0000 0006 0000 2000 0000 0400 0000 2000 0000
0400 4000 0000 0008 0000 0000 8000 0000 0000 0000 0000 0800 0000 0000 0000 0000
0000 8000 0200 0000 0000 0000 0040 0000 0010 0000 1010 0000 0440 0000 0010 0001
0000 0000 0080 0000 0000 0000 0080 0000 0000 0000 0000 1008 0080 0000 0010 0420
0000 0001 0000 0020 0020 0000 1000 0010 0000 0000 0010 0000 0100 0000 2000 0000
8800 0000 0000 0000 0010 8000 0000 4000 0000 0000 0800 0044 0080 8000 0000 0800
0000 0000 0000 0000 2000 0002 0000 0000 0000 0000 0000 0000 0800 0000 2020 0000
0000 0000 0000 0220 0000 0000 8000 0100 0200 1100 0000 0010 0200 0000 0000 00C0
0000 0400 4310 0820 0000 0400 0000 0000 0400 8400 0000 0000 0008 0280 1004 0020
0000 0200 0020 0000 0000 8000 0000 0000 0002 0000 0008 0020 0000 0000 0000 0000
0000 1000 0000 0040 00A0 0080 0080 0000 0000 0000 0020 0000 0080 0100 0000 0000
0000 0000 0000 0040 0000 0000 0000 0000 0000 0000 0000 0000 0000 0000 0000 0004
0000 0000 0000 0000 0100 0000 0000 0000 0100 0000 0000 0000 0000 0000 0000 2000
0000 0080 0080 0404 0004 0000 0000 0000 0000 0000 0000 0000 0000 0000 4000 0004
0080 0000 0000 2000 0100 0000 0000 0040 0000 0000 0000 0010 0000 0000 0000 0000
0800 0000 0000 0000 0000 0000 0000 0000 0000 0000 0000 0900 0000 0008 0800 0000
0000 0000 0020 0000 0000 0000 2020 0000 0000 0000 2000 0400 0000 0000 0000 0000
0000 0000 0000 0000 0000 0000 0000 0000 0020 0000 0000 0080 0000 0000 0000 0000
4000 8000 0000 0010 0000 0000 0000 0000 0000 0000 0020 0000 0000 0010 0000 2000
0009 4000 0000 0000 0400 0000 0000 0000 0080 0000 0000 0040 0040 0000 0020 0010
0000 0000 0000 0000 0000 0000 0000 0000 0000 0040 0000 0000 0000 0000 0000 0000
0000 0000 0000 0000 0000 0010 0000 0000 0000 0000 0000 0000 0000 0000 0000 0000
0000 0000 0000 8000 0000 0000 0000 0000 0000 0000 0000 0000 0000 0000 0000 0000
0000 0000 0008 0000 0080 2000 0002 0001 0080 0000 2800 0020 0000 0000 0000 0000
0000 0000 0100 0000 0001 0000 0000 0000 0000 0011 0080 0400 0080 0000 0000 0080
0000 0000 0000 0000 0100 0000 0000 0000 0000 0000 0000 0000 0000 0020 0000 0000
0000 0000 0008 4000 0000 0000 0040 0000 0000 0000 0008 0100 0000 0000 1100 7C22
