Physical Chip 0
0004 0E10 1C01 0201 0018 1900 070C 1808 0501 0C00 000C 0102 0C10 2204 0610 0010
1000 0800 0414 0000 0812 0008 1308 010C 0516 0D00 0D11 1C00 0000 0414 0014 2C10
0119 420C 0202 2021 1611 2016 0F03 0918 0206 0404 2530 0810 060B 0406 0102 0000
0502 0210 080D 0408 0500 0F18 0004 0500 0C00 0A40 0013 1402 0C08 002A 4502 0200
0000 0000 0000 0000 0000 0000 0000 0000 0000 0000 0000 0000 0000 0000 0000 0000
0000 0000 0000 0000 0000 0000 0000 0000 0000 0000 0000 0000 0000 0000 0000 0000
0000 0000 0000 0000 0000 0000 0000 0000 0000 0000 0000 0000 0000 0000 0000 0000
0000 0000 0000 0000 0000 0000 0000 0000 0000 0000 0000 0000 0000 0000 0000 0000
0000 0000 0000 0000 0000 0000 0000 0000 0000 0000 0000 0000 0000 0000 0000 0000
0000 0000 0000 0000 0000 0000 0000 0000 0000 0000 0000 0000 0000 0000 0000 0000
0000 0000 0000 0000 0000 0000 0000 0000 0002 0010 0000 0000 0000 0000 0000 0000
0000 0000 0000 0000 0000 0000 0000 0000 0000 0000 0000 0000 0000 0000 0000 0000
0000 0000 0000 0000 0000 0000 0000 0000 0000 0000 0000 0000 0000 0000 0000 0000
0000 0000 0000 0000 0000 0000 0000 0000 0000 0000 0000 0000 0000 0000 0000 0000
0000 0000 0000 0000 0000 0000 0000 0000 0000 0000 0000 0000 0000 0000 0000 0000
0000 0000 0000 0000 0000 0000 0000 0000 0000 0000 0000 0000 0000 0000 0000 0000
0000 1400 8000 0400 8000 0140 2800 0280 00A0 0403 2210 0000 1071 0000 0202 0018
0230 2000 4008 0400 0808 0440 8020 0000 101A 0045 0001 0220 0900 1880 0421 0808
0480 4004 2480 8110 2802 0080 0020 1401 0808 0000 0008 0202 0218 0010 C000 0084
0010 4406 0014 1800 4000 1014 0044 010D 0002 0134 2800 0010 1040 0010 1000 0000
1020 9100 8A00 8200 0008 0210 0000 0040 2000 0500 0211 0084 0008 0000 2280 0000
9812 0001 0020 2902 0C00 0C00 8081 0049 0000 0410 0000 0000 1801 0101 0080 4042
1002 0110 0002 0005 0422 0824 2000 0210 00C0 0818 0020 8000 0084 0420 0000 0294
3100 0003 2000 0001 9004 0402 0000 0249 9400 0000 0000 0010 0049 0060 0001 2A00
0400 10A0 0041 0054 0080 0000 0001 0100 400A 2000 A18C 0120 0087 0448 1000 4009
2100 0040 01A0 0701 4000 0010 0020 0000 0108 0000 0A00 0200 0280 0012 A200 8210
8000 8602 0220 0000 0022 0950 2E28 2020 0E11 0404 0010 4494 4000 0000 4000 0101
0801 000E 0000 0140 0000 1008 0040 0800 003A 4410 2001 0000 B000 0001 8801 2000
8001 0090 0011 0219 0048 0010 0202 4021 0209 0804 8140 0810 0608 1840 8804 1000
0824 8005 0010 0000 1000 0411 C0C0 2000 C010 0600 0262 4848 4004 8404 0420 0100
4008 0400 28C4 2A20 4410 0000 2050 0840 0000 2C00 0500 0280 0C20 01A9 6009 0800
8020 0000 0002 0200 0040 4001 0000 0820 0510 4082 0000 5005 2030 0100 A610 0000
0000 0000 0000 0000 0000 0000 0000 0000 0000 0000 0000 0000 0000 0000 0000 0000
0000 0000 0000 0000 0000 0000 0000 0000 0000 0000 0000 0000 0000 0400 0000 0000
0000 0000 0000 0000 0000 0000 0000 0000 0001 0000 0200 0004 0000 0000 0000 0100
0000 0000 0000 0000 0000 0100 0002 0000 0000 0000 0000 0200 0001 0108 0000 0100
0000 0000 0000 0001 0000 0000 0000 0000 0100 0000 0004 0800 0000 0000 0000 0000
0000 0000 0000 0000 0000 0000 0000 0000 0000 0000 0000 0200 0004 0000 0000 0001
0000 0100 0000 0000 0000 0000 0000 0C00 0000 0000 0500 0001 0200 0001 0000 0000
0000 0000 0000 0000 0002 0000 0000 0000 0000 0000 8100 0000 1000 0808 0000 0000
0002 0000 0000 0000 0009 0000 0202 0000 0000 0000 0000 0000 0009 0000 0000 0200
0000 0000 0000 0000 0000 0100 0000 0100 0000 0008 0000 0001 0801 0000 0000 0000
0000 0800 0000 0000 0000 0000 0000 0008 0000 0600 0000 0000 0000 0000 0000 0000
0000 0000 0000 0800 0000 0200 0800 0000 0000 0009 0000 0000 0100 0003 0000 0000
0001 0004 0800 0000 0400 0000 0000 0000 0000 0000 0000 0000 0000 0000 0000 0009
0000 0000 0000 0000 0000 0000 0000 0900 0000 0400 0008 0000 0000 0000 0000 0200
0000 0100 0000 0000 0001 0000 0200 0008 0000 0004 0000 0000 0000 0000 0000 0200
0000 0000 0002 0000 0008 0000 0004 0000 0100 0000 0000 0800 0000 0100 0000 0000
0080 05D2 01A0 6D42 1170 0023 2120 0848 01DC 2130 0000 0000 0000 0000 0200 0000
0000 0000 0000 0000 0100 0008 0000 0000 0000 0000 0000 0000 0000 0000 0000 0000
0000 0000 0000 0000 0000 0000 0000 0000 0000 0000 0000 0000 0000 0000 0000 0200
0000 0000 0080 0000 0000 0800 0000 0000 0000 0000 0000 0000 0000 0000 0000 0000
0001 0000 0000 0000 0000 0000 0000 4000 0000 0080 0000 0000 0000 0000 0000 0000
0000 0000 0000 0000 0000 0000 0000 0100 0000 0000 0000 0000 0000 0000 0000 0000
0010 0000 0000 0200 0000 0008 0000 1400 0000 0080 0000 0000 0000 0000 0000 0000
0000 0000 0000 6000 0000 0020 0004 0000 4000 0180 0000 0000 0000 0000 0000 0000
0000 0000 0000 0000 0000 0000 0000 0000 0000 0000 0000 0000 0000 0000 0000 0000
0000 0000 0000 0000 0000 0000 0000 0000 0000 0000 0000 0000 0000 0000 0000 0000
0000 0000 0000 0000 0000 0000 0000 0000 0000 0000 0000 0000 0000 0000 0000 0000
0000 0000 0000 0000 0000 0000 0000 0000 0000 0000 0000 0000 0000 0000 0000 0000
0000 0000 0000 0000 0000 0000 0000 0000 0000 0000 0000 0000 0000 0000 0000 0000
0000 0000 0000 0000 0000 0000 0000 0000 0000 0000 0000 0000 0000 0000 0000 0000
0000 0000 0000 0000 0000 0000 0000 0400 0000 0000 0000 0000 0000 0000 0000 0000
0000 0000 0000 0000 0000 0000 0000 0000 0000 0000 0000 0000 0000 0000 0000 0000
0000 0010 0000 0000 0000 0100 0000 2000 0000 0000 0000 0000 0000 0000 0000 0000
0000 0000 0000 0800 0000 0000 0000 0000 0000 0000 0010 0000 0000 0000 0000 1000
0200 0000 0000 0000 0020 4000 4002 0000 0000 0000 0000 0000 0000 1000 0000 0000
0000 0000 0000 0000 0000 0000 0000 0000 0000 0000 0000 0000 0200 0000 0000 0000
0000 0000 0000 0000 0004 0000 0000 0000 0000 0000 0000 0000 0000 0000 0000 0000
0000 0400 0000 0000 0000 0000 0000 0000 0000 0000 0000 0000 0000 0080 0000 0000
0020 4000 0000 0000 0000 0000 0040 0000 0080 0000 0000 0000 0000 0000 0000 0400
0000 0000 0000 0000 0000 0000 0000 0000 0010 0000 1000 0000 0000 0000 0000 0000
0000 0000 0000 0000 0002 0000 0000 0000 0000 0000 0000 0000 0000 0008 0000 0004
0000 0000 0000 0200 0000 0000 0000 0000 0004 0000 0000 0000 0000 0000 0000 0000
0000 0000 0000 0000 0000 0000 0000 1000 8000 0000 0000 0000 0000 0000 0000 0000
0000 0000 0000 0000 0000 0000 0004 0000 1000 0000 0000 0000 0000 0000 0000 0800
0000 0000 0000 0000 0000 0400 0000 0000 0000 0000 0010 0000 2000 0000 0000 0000
0000 0000 0000 0000 0000 0400 0000 0000 0000 0000 0000 0000 0000 0000 0000 0000
0000 0000 0000 0000 0000 0000 0000 0000 0000 0000 0000 0000 0000 0000 0000 0000
0000 0000 0000 0100 0000 0000 0000 0000 0000 0000 0000 0000 0000 0000 0000 0000
0000 0000 0000 0000 0000 0000 0000 0010 0000 0000 0000 0000 0000 0000 0000 0000
0000 0000 0000 0000 0000 0000 0000 0000 0000 0000 0000 0000 0000 0000 0000 0000
0000 0000 0000 0000 0000 0000 0000 0000 0000 0000 0000 0000 0000 0000 0000 0000
0000 0000 0000 0000 0000 0000 0000 0000 0000 0000 0000 0000 0000 0000 0000 0000
0000 0000 0000 0000 0000 0000 0000 0000 0000 0000 0000 0000 0000 0000 0000 0000
0000 0000 0000 0000 0000 0000 0000 0000 0000 0000 0000 0000 0000 0000 0000 0000
0000 0000 0000 0000 0000 0000 0000 0000 0000 0000 0000 0000 0000 0000 0000 0000
0000 0000 0000 0000 0000 0000 0000 0000 0000 0000 0000 0000 0000 0000 0000 0000
0000 0000 0000 0000 0000 0000 0000 0000 0000 0000 0000 0000 0000 0000 0000 0000
0000 0000 0000 0000 0000 0000 0000 0000 0000 0000 0000 0000 0000 0000 0000 0000
0000 0000 0000 0000 0000 0010 0000 0000 0000 0000 0000 0000 0000 0000 0000 0000
0000 0000 0000 0000 0000 0000 0000 0000 0000 0000 0000 0000 0000 0000 0000 0000
0000 0000 0000 0000 0000 0000 0000 0000 0000 0000 0000 0000 0000 0000 0000 0000
0000 0000 0000 0000 0000 0000 0000 0000 0000 0000 0000 0000 0000 0000 0000 0000
0000 0000 0000 0000 0000 0000 0000 0000 0000 0000 0000 0000 0000 0000 0000 0000
0000 0000 0000 0000 0000 0000 0000 0000 0000 0000 0000 0000 0000 0000 0000 0000
0000 0000 0000 0000 0000 0000 0000 0000 0000 0000 0000 0000 0000 0000 0000 0000
0000 0000 0000 0000 0000 0000 0000 0000 0000 0000 0000 0000 0000 0000 0000 0000
0000 0000 0000 0000 0000 0000 0000 0000 0000 0000 0000 0000 0000 0000 0000 0000
0000 0000 0000 0000 0000 0000 0000 0000 0000 0000 0000 0000 0000 0000 0000 0000
0000 0000 0000 0000 0000 0000 0000 0000 0000 0000 0000 0000 0000 0000 0000 0000
0000 0000 0000 8000 0000 0000 0000 0000 0000 0000 0000 0000 0000 0000 0000 0000
0000 0000 0000 8000 0000 0000 0000 0000 0000 0000 0000 0000 0000 0000 0000 0000
0000 0000 0000 0000 0000 0000 0000 0000 0000 0000 0000 0000 2000 0000 0000 0000
0000 0000 0000 0000 0000 0000 0000 0000 0000 0000 0000 0000 0000 0000 0000 0000
0000 0000 0000 0000 0000 0000 0000 0000 0000 0000 0000 0000 0000 0000 0000 0000
0000 0000 0000 0000 0000 0000 0000 0000 0000 0000 0000 0000 0000 0000 0000 0000
0000 0000 0000 0000 0000 0000 0000 0000 0000 0000 0000 0000 0000 0000 0000 0000
0000 0000 0000 0000 0000 0000 0000 0000 0000 0000 0000 0000 0000 0000 0000 0000
0000 0000 0000 0000 0000 0000 0000 0000 0000 0000 0000 0000 0000 0000 0000 0000
0000 0000 0000 0000 0000 0000 0000 0000 0000 0000 0000 0000 0000 0000 0000 0000
0000 0000 0000 0000 0000 0000 0000 0000 0000 0000 0000 0000 0000 0000 0000 0000
0000 0000 0000 0000 0000 0000 0000 0000 0000 0000 0000 0000 0000 0000 0000 0000
0000 0000 0000 0000 0000 0000 0000 0000 0000 0000 0000 0000 0000 0000 0000 0000
0000 0000 0000 0000 0000 0000 0000 0000 0000 0000 0000 0000 0000 0000 0000 0000
0000 0000 0000 0000 0000 0000 0000 0000 0000 0000 0000 0000 0000 0000 0000 0000
0000 0000 0000 0000 0000 0000 0000 0000 0000 0000 0000 0000 0000 0000 0000 0000
0000 0000 0000 0000 0000 0000 0000 0000 0000 0000 0000 0000 0000 0000 0000 0000
0000 0000 0000 0000 0000 0000 0000 0000 0000 0000 0000 0000 0000 0000 0000 0000
0000 0000 0000 0000 0000 0000 0000 0000 0000 0000 0000 0000 0000 0000 0000 0000
0000 1000 0000 0000 0000 0000 0000 0000 0000 0000 0000 0000 0000 0000 0000 0000
0000 0000 0000 0000 0000 0000 0000 0000 0000 0000 0000 0000 0000 0000 0000 0000
0000 0000 0000 0000 0000 0000 0000 0000 0000 0000 0000 0000 0000 0000 0000 0000
0000 0000 0000 0000 0000 0000 0000 0000 0000 0000 0000 0000 0000 0000 0000 0000
0400 0002 0000 0040 0000 0001 0000 0000 0000 0008 0000 0000 0000 0200 0100 0000
0000 0000 0000 0000 0000 0000 0000 0020 0414 8000 0000 0000 0000 0000 0800 0000
0000 0000 0404 8000 0000 8080 0108 0000 0200 0000 0010 0000 0000 0000 1000 0110
8000 0100 0000 0000 0000 8000 0010 0000 0000 0000 0000 0802 4800 0000 0200 0000
Physical Chip 1
0000 0000 0000 0000 0000 0000 0000 0000 0000 0000 0000 0000 0000 0000 0000 0000
0000 0000 0000 0000 0000 0000 0000 0000 0000 0000 0000 0000 0000 0000 0000 0000
0000 0000 0000 0000 0000 0000 0000 0000 0000 0000 0200 0000 0000 0000 0000 0000
0000 0000 0000 0000 0000 0000 0000 0000 0000 0000 0000 0000 0000 0000 0000 0000
0000 0000 0000 0000 0000 0000 0000 0000 0000 0000 0000 0000 0000 0000 0000 0000
0000 0000 0000 0000 0000 0000 0000 0000 0000 0000 0000 0000 0000 0000 0000 0000
0000 0000 0000 0000 0000 0000 0000 0000 0000 0000 0000 0000 0000 0000 0000 0000
0000 0000 0000 0000 0000 0000 0000 0000 0000 0000 0000 0000 0000 0000 0000 0010
0000 0000 0000 0000 0000 0000 0000 0000 0000 0000 0000 0000 0000 0000 0000 0000
0000 0000 0000 0000 0000 0000 0000 0000 0000 0000 0000 0000 0000 0000 0000 0000
0000 0000 0000 0000 0000 0000 0010 0000 0000 0000 0000 0000 0000 0000 0000 0000
0000 0000 0000 0000 0000 0000 0000 0000 0000 0000 0000 0000 0000 0000 0000 0000
0000 0000 0000 0000 0000 0000 0000 0000 0020 0000 0000 0000 0000 0000 0000 0000
0000 0000 0000 0000 0000 0000 0000 0000 0000 0000 0000 0000 0000 0000 0000 0000
0000 0000 0000 0000 0000 0000 0000 0000 0000 0000 0004 0000 0000 0000 0000 0000
0000 0000 0000 0000 0000 0000 0000 0000 0000 0000 0000 0000 0000 0000 0000 0000
0000 0000 0000 0000 0000 0000 0000 0000 0000 0000 0000 0000 0000 0000 0000 0000
0000 0000 0000 0000 0000 0000 0000 0000 0800 0000 0000 0000 0000 0000 0000 0000
0000 0008 0000 0000 0000 0000 0000 0000 0000 0000 0000 0000 0000 0000 0000 0000
0000 0100 0000 0000 0000 0000 0000 0000 0000 0000 0000 0000 0000 0008 0000 0000
0000 0000 0000 0000 0000 0000 0000 0000 0000 0000 0000 0000 0000 0000 0000 0800
0000 0000 0000 0000 0004 0000 0000 0000 0000 0000 0000 0000 0000 0000 0000 0000
0000 0000 0000 0000 0000 0000 0000 0000 0000 0000 0010 0000 0000 0000 0000 0000
0000 0000 0000 0000 0000 0000 0000 0000 0000 0000 0000 0000 0000 0000 0000 0000
0000 0000 0000 0000 0000 0000 0000 0000 0000 0000 0000 0000 0000 0000 0000 0000
0000 0000 0020 0000 0400 0000 0000 0000 0000 0000 0000 0000 0000 0000 0000 0000
0000 0020 0000 0000 0000 0000 0000 0000 0000 0000 0000 0000 0000 0000 0000 0000
0000 0000 0000 0000 0000 0000 0000 0000 0000 0000 0000 0000 0000 0000 0000 0000
0000 0000 0000 0000 0000 0000 0000 0000 0000 0000 0000 0000 0000 0000 0000 0000
0000 0000 0000 0000 0000 0000 0000 0000 0000 0000 0000 0000 0000 0000 0000 0000
0000 0000 0000 0000 0000 0000 0000 0000 0000 0000 0000 0000 0000 0000 0000 0000
0000 0000 0000 0000 0000 0000 0000 0000 0000 0000 0000 0000 0000 0000 0000 0000
0000 0000 0000 0020 0000 0000 0000 0000 0000 0000 0000 0000 0000 0000 0000 0000
0000 0000 0000 0000 2000 0000 0000 0000 0000 0000 0000 0000 0000 0000 0000 0000
0000 0000 0000 0000 0000 0000 0000 0000 0000 0000 0000 0000 0000 0000 0000 0000
0000 0000 0000 0000 0000 0000 0000 0000 0000 0000 2000 0000 0000 0000 0000 4000
0000 0000 0000 0000 0000 0000 0000 0000 0000 0000 0000 0000 0000 0000 0000 0000
0000 0000 0000 0000 0000 0000 0000 0000 0000 0000 0000 0000 0000 0000 0000 0000
0000 0000 0000 0000 0000 0000 0000 0000 0000 0000 0000 0000 0000 0000 0000 0000
0000 0000 0000 0000 0000 0000 0000 0000 0000 0000 0000 0000 0000 0000 0000 0000
0000 0000 0000 0000 0200 0100 0000 0000 0000 0000 0000 0000 0200 0000 0000 0000
0000 0000 0000 0000 0000 0000 0000 0000 0000 0000 0000 0000 0000 0000 0000 0000
0000 0000 0000 0000 0000 0000 0000 0000 0000 0000 0000 0000 0000 0000 0000 0000
0000 0000 0000 0000 0000 0000 0000 0000 0000 0000 0000 0000 0000 0000 0000 0000
0000 0000 0000 0000 0000 0000 0000 0000 0000 0000 0000 0000 0000 0000 0000 0000
0000 0000 0000 0000 0000 0000 0000 0000 0000 0000 0000 0000 0000 0000 0000 0000
0000 0000 0000 0000 0000 0000 0000 0000 0000 0000 0000 0000 0000 0000 0000 0000
0000 0000 0000 0000 0000 0000 0000 0000 0000 0000 0000 0000 0000 0000 0000 0000
0000 0000 0000 0000 0000 0000 0000 0000 0000 0000 0000 0000 0000 0000 0000 0000
0000 0000 0000 0000 0000 0000 0000 0000 0000 0000 0000 0000 0000 0000 0000 0000
0000 0000 0000 0000 0000 0000 0000 0000 0000 0000 0000 0000 0000 0000 0000 0000
0000 0000 0000 0000 0010 0000 0000 4000 0000 0000 0000 0000 0000 0000 0000 0000
0000 0000 0000 0000 0000 0000 0000 0000 0000 0000 0000 0000 0000 0000 0000 0000
0000 0000 0000 0010 0000 0000 0000 0000 0000 0000 0000 0000 0000 0000 0000 0000
0000 0000 0000 0000 0000 0000 0000 0000 0000 0000 0000 0000 0000 0000 0000 0000
0000 0000 0000 0000 0000 0000 0000 0000 0000 0000 0000 0000 0000 0000 0000 0000
0000 0000 0000 0000 0000 0000 0000 0000 0000 0000 0000 0000 0000 0000 0000 0000
0000 0000 0000 0000 0000 0000 0000 0000 0000 0000 0000 0000 0000 0000 0000 0000
0000 0000 0000 0000 0000 0000 0000 0000 0000 0000 0000 0000 0000 0000 0000 0000
0000 0000 0000 0000 0000 0000 0000 0000 0000 0000 0000 0000 0000 0000 0000 0000
0000 0000 0000 0000 0000 0000 0000 0000 0000 0000 0000 0000 0000 0000 0000 0000
0000 0000 0000 0001 0000 0000 0000 0000 0000 0000 0000 0000 0000 0000 0000 0000
0000 0000 0000 0000 0000 0000 0000 0000 0000 0000 0000 0008 0000 0000 0000 0000
0000 0000 0000 0000 0000 0000 0000 0000 0000 0000 0000 0000 0000 0000 0000 0000
0000 0000 0000 8000 0000 0000 0000 0000 0000 0000 0000 0000 0000 0000 0000 0000
0000 0000 0000 0000 0040 0000 0000 0000 0000 0000 0000 1000 0000 0000 0000 0000
0000 0000 0000 0000 0000 0000 0000 0008 0000 0000 0000 0000 0000 0000 0000 0000
0000 0810 0000 0000 0000 0000 0000 0000 0000 0000 0000 0000 0000 0000 0000 0000
0000 0000 0000 0000 0000 0000 0000 0000 0000 0000 0000 0000 0000 0000 0000 0000
0000 0000 0000 0000 0000 0000 0000 0000 0000 0000 0000 0000 0000 0000 0000 0000
0000 0000 0000 0000 0000 0000 0000 0000 0000 0000 0000 0000 0000 0000 0000 0000
0000 0000 0000 0000 0000 0000 0000 0000 0000 0000 0000 0000 0000 0000 0000 0000
0000 0000 0000 0000 0000 0000 0000 0000 0000 0000 0000 0000 0000 0000 0000 0000
0000 0000 0020 0010 0000 0000 0000 0000 0000 0000 0000 0000 0000 0000 0000 0000
0000 0000 0000 0000 0000 0000 0000 0000 0000 0000 0000 0000 0000 0000 0000 0000
0000 0000 0000 0000 0000 0000 0000 0000 0000 0000 0000 0000 0000 0000 0000 0000
0000 0000 0100 0000 0000 0000 0000 0000 0000 0000 0000 0000 0000 0000 0000 0000
0000 0000 0000 0000 2000 0000 0000 0000 0000 0000 0000 0000 0000 0000 0000 0000
0000 0000 0000 0000 0000 0000 0000 0000 0000 0000 0000 0000 0000 0000 0000 0010
0000 0000 0000 0000 0000 0000 0000 0000 0000 0000 0000 0000 0000 0000 0000 0000
0000 0000 0000 0000 0000 0000 0000 0000 0000 0000 0000 0000 0000 0000 0000 4000
0000 0000 0010 0000 0000 0000 0000 0000 0000 0000 0000 0000 0000 0000 0000 8000
0000 0000 0000 0000 0000 0000 0000 0000 0000 0000 0000 0000 0000 0000 0000 0000
0000 0000 0000 0000 0000 0000 0000 0100 0000 0000 0040 0000 0000 0000 0000 0000
0000 0000 0000 0000 0000 0000 0000 2000 0000 0000 0000 0000 0000 0000 0000 0000
0000 0000 0000 0000 0000 0000 0000 0000 0000 0000 0000 0000 0000 0000 0000 0000
0000 0000 0000 0000 0000 0000 0000 0000 0000 0000 0000 0000 0000 0000 0000 0000
0000 0000 0000 0000 0000 0000 0000 0000 0000 0000 0000 0000 0000 0000 0000 0000
0000 0000 0000 8000 0000 0000 0000 0000 0000 0000 0020 0000 0000 0000 0000 0000
0000 0000 0000 0000 0000 0000 0000 0000 0000 0000 0000 0000 0000 0000 0000 0000
0000 0000 0000 0000 0000 0000 0000 0000 0000 0000 0000 0000 0000 0000 0000 0000
0000 0000 0000 0000 0000 0000 0000 0000 0000 0000 0000 0020 0000 0000 0000 0000
0000 0000 0000 0000 0000 0000 0000 0000 0000 0000 0000 0000 0000 0000 0000 0000
0000 0000 0000 0000 0000 0000 0000 0000 0000 0000 0000 0000 0000 0000 0000 0000
0000 0000 0000 0000 0000 0008 0000 0000 0000 0000 0000 0000 0000 0000 0000 0000
0000 0000 0000 0000 0000 0000 0000 0000 0000 0000 0000 0000 0000 0000 0000 0000
0000 0000 0000 0000 0000 0000 0000 0000 0000 0000 0000 0000 0000 0000 0000 0000
0000 0000 0000 0000 0000 0000 0000 0000 0000 0000 0000 0000 0000 0000 0000 0000
0000 0000 0000 0000 0000 0000 0080 0000 0000 0000 0000 0000 0000 0000 0000 0000
0000 0000 0000 0000 0000 0000 0000 0000 0000 0000 0000 0000 0000 0000 0000 0000
0000 0000 0000 0000 0000 0000 0000 0000 0000 0000 0000 0000 0000 0000 0000 0000
0000 0000 0000 0000 0000 0000 0000 0000 0000 0000 0000 0000 0000 0000 0000 0000
0400 0000 0000 0000 0000 0000 0000 0000 0000 0000 0000 0000 0000 0000 0000 0000
0000 0000 0000 0000 0000 0000 0000 0000 0000 0000 0000 0000 0000 0000 0000 0000
0000 0000 0000 0000 0000 0000 0000 0000 0000 0000 0000 0000 0000 0000 0000 0000
0000 0000 0000 0000 0000 0000 0000 0000 0000 0000 0000 0000 0000 0000 0000 0000
0000 0000 0000 0000 0000 0000 0000 0000 0000 0000 0000 0000 0000 0000 0000 0000
0000 0000 0000 0000 4000 0000 0000 0000 0000 0000 0000 0000 0000 0000 0000 0000
0000 0000 0000 0000 0000 0000 0000 0000 0000 0000 0000 0000 0000 0000 0000 0000
0000 0000 0000 0100 0000 0000 0000 0000 0000 0000 0000 0000 0000 0000 0000 0000
0000 0001 0010 0000 0000 0000 0000 0000 0000 0000 0000 0000 0000 0000 0000 0000
0000 0000 0000 0000 0000 0000 0000 0000 0000 0000 0000 0000 0000 0000 0000 0000
0000 0000 0000 0000 0000 0000 0000 0000 0000 0000 0000 0000 0000 0000 0200 0000
0000 0000 0000 0000 0000 0000 0000 0000 0000 0000 0000 0000 8000 0000 0000 0000
0000 0000 0000 0000 0000 0000 0000 0000 0000 0000 0000 0000 0000 0000 0000 0000
0000 0000 0000 0000 0000 0000 0000 0000 0000 0000 0000 0000 0000 0000 0000 0000
0000 0000 0000 0000 0000 0000 0000 0000 0000 0000 0000 0000 0000 0000 0000 0000
0000 0000 0000 0000 0000 0000 0000 0000 0000 0000 0000 0000 0000 0000 8000 0000
0000 0000 0000 0000 0000 0000 0000 0000 0000 0000 0000 0000 0000 0000 0000 0000
0000 0000 0000 0000 0000 0000 0000 0000 0000 0000 0000 0000 0000 0000 0000 0000
0000 0000 0000 0000 0000 0400 0000 0000 0000 0000 0000 0000 0000 0000 0000 0000
0000 0000 0000 0000 0000 0000 0000 8000 0000 0000 0000 0000 0000 0000 0000 0000
0000 0000 0000 0000 0000 0000 0000 1000 0000 0000 0000 0000 0000 0000 0000 0000
0000 0000 0000 0000 8000 0000 0000 0000 0000 0000 0000 0000 0000 0000 0000 0000
0000 0000 0000 0000 0000 0000 0000 0000 0000 2800 0000 0000 0000 0000 0000 0000
0000 0000 0200 0000 0000 0000 0000 0000 0000 0020 0000 0000 0000 0000 0000 0000
0000 0000 0000 0000 0000 0000 0000 0000 0000 0000 0000 0000 0000 0000 0000 0000
0200 0000 0000 0000 0000 0000 0000 0000 0000 0000 0000 0000 0000 0000 0000 0000
Physical Chip 2
0000 0000 0000 0000 0000 0000 0000 0000 0000 0000 0000 0000 0000 0000 0010 0000
0000 8000 0000 0000 0000 0000 0000 0000 0000 0000 0800 0000 0000 0000 0000 0000
0000 0000 0000 0000 0000 0000 0000 0000 0000 0000 0000 0000 0000 0000 0000 0000
0000 0000 0000 0000 0040 0000 0000 0000 0000 0000 0000 0000 0000 0000 0000 0000
0000 0000 0200 0000 0000 0000 0000 0000 0000 0000 0000 0000 0000 0000 0200 0020
0000 0000 4000 0000 0000 0000 0000 0000 0000 0000 0000 0000 0000 0000 0000 0000
0000 0000 0000 0000 0000 0000 0000 0000 0000 0000 0000 0000 0000 0000 0000 0000
0000 0000 0000 0000 0000 0000 2000 0000 0000 0000 0000 0000 0000 0000 0000 0000
0000 0000 0000 0000 0000 0000 0000 0000 0000 0000 0000 0000 6000 0000 0000 0000
0000 0000 0000 0000 0000 0000 0000 0000 0000 0004 0000 0000 0000 0000 0000 0000
0000 0000 0000 0000 0000 0000 0000 0000 0000 0000 0000 0000 0000 0000 0000 0000
0000 0000 0000 0000 0000 0000 0000 0000 0000 0000 0000 0000 0000 0000 0000 0000
0000 0000 0000 2000 0000 0000 0000 0000 0000 0000 0008 8000 0000 0000 0000 0000
0000 0000 0000 0000 0000 0000 0000 0000 0000 0000 0000 0000 0000 0000 0000 0000
0000 0000 0000 0000 0000 0000 0000 0000 0000 0000 0000 0000 0000 0000 0000 0000
0000 0000 0000 0100 0000 0000 0000 0000 0000 0000 0000 0000 0000 0000 0000 0000
0000 0000 0000 0000 0000 0000 0000 0000 0000 0000 0000 0000 2000 0000 0000 0000
0000 0000 0000 0000 0000 0000 0000 0000 0000 0000 0020 0000 0000 0000 0000 0000
0000 0000 0000 0000 0400 0000 0000 0000 0000 0000 0000 0000 0000 0000 0000 0000
0000 0000 0000 0000 0000 0000 0000 0000 0000 0000 0000 0000 0000 0000 0000 0000
0000 0000 0000 0000 0000 0000 0080 0000 0000 0000 0000 0000 0000 0000 0000 0000
0400 0000 0000 0000 0000 0000 0000 0000 0000 0000 0000 0000 0000 0000 0000 0000
0000 0000 0000 0000 0000 0000 0000 0001 0800 0000 0000 0000 0000 0000 0000 0000
0000 0000 0000 0000 0000 0000 0000 0000 0000 0000 0000 0000 0000 0000 0000 0000
0000 0000 8001 0000 0010 0000 0000 0000 0000 0000 0000 0000 0000 0000 0000 0000
0000 0000 0000 8000 0000 0008 0000 0000 0000 0000 0000 0000 0000 0000 0000 0000
0000 0000 0000 0000 0000 0000 0000 0000 0000 0000 0000 0000 0000 0000 0000 0000
0000 0000 0000 0000 0000 0000 0000 0000 0000 0000 0000 0000 0000 0000 2000 0000
0000 0000 0000 0000 0000 0000 0020 0000 0040 0000 0000 8000 0000 0000 0000 0000
0000 0000 0000 0000 0000 0000 0000 0000 0000 0000 0000 0000 0000 0000 0000 0000
0000 0000 0000 0000 0000 0000 0000 0000 0000 0000 0000 0000 0800 0000 0000 0000
0000 0000 0000 0000 0000 0000 0000 0000 0000 0000 0000 0000 0000 0000 0000 0000
0000 0000 0000 0000 0000 0000 0000 0000 0000 0000 0000 0000 0001 0000 0000 0000
0000 0000 0001 0000 0000 0000 0000 0000 0000 0000 0000 0000 0000 0000 0000 0000
0000 0001 0000 0040 0FFF 0000 0000 0000 0000 0000 0000 4000 0000 0000 0000 0000
0000 0000 0000 0000 0000 0000 0000 0000 0000 0000 0010 0000 0000 2000 0000 0000
0000 0800 0000 0000 0000 0000 0000 0000 0000 0100 0000 0000 0000 0000 0000 0000
0000 0000 0000 0000 0000 0000 0000 0000 0000 0000 0000 0000 0000 0000 0000 0000
0000 0000 0000 0000 0000 0000 0000 0000 0000 0000 0000 0000 0000 0000 0000 0002
0000 0000 0000 0000 0010 0000 0000 0000 0000 0000 0000 0000 0000 0000 0000 1000
0000 0000 0010 0400 0000 0000 0000 0004 0000 0000 0000 0000 0000 0000 0000 0000
0000 0000 0000 0000 0000 0000 0000 0000 0000 0000 0000 0000 0000 0800 0000 0000
0000 0000 3000 0000 0000 0000 0000 0000 0000 0000 0000 0000 0000 0000 0000 0800
0000 0000 0000 0000 0000 0000 0000 0000 0000 0000 0000 0000 0000 0000 0000 0000
0000 0000 0000 0400 0000 0000 0000 0000 0000 0000 0000 0000 0000 0010 0000 0008
0000 0000 0000 0008 0000 0000 0000 0000 0000 0000 0000 0000 0010 0000 0000 0000
0000 0000 0000 0000 0000 0000 0000 0000 0000 0400 0000 0000 0000 1000 0000 0000
0000 0000 0000 0000 0000 0000 0000 0000 0000 0000 0400 0000 0000 0000 0000 0010
0000 0000 0000 0000 0000 0000 0000 0000 0000 0000 0000 0000 0000 0000 0000 0000
0000 0000 0000 0000 0000 0000 0000 0000 0000 0000 1000 0000 0000 0000 0000 0000
0000 0000 0000 0000 0000 0000 0000 0000 0000 0000 0000 0000 0000 0000 0000 0000
0000 0000 0000 0000 0000 0000 0000 0000 0000 0000 0000 0000 0000 0000 0000 0000
0000 0000 0000 0000 0000 0000 0000 0000 0000 0000 0000 0000 0000 0000 2000 0000
0000 0000 0000 0000 0000 0000 0000 0000 0000 0000 0000 0000 0000 0000 0000 0000
0000 0000 0000 0000 0000 0000 0000 0000 0000 0000 0000 0000 0000 0000 0000 0000
0000 0000 0000 0000 0000 0000 0000 0000 2000 0000 0000 0000 0000 0000 0000 0000
0000 0000 0000 0000 0000 0000 0000 0000 0000 0000 0000 0000 0000 0000 0000 0000
0000 0000 0000 0000 0000 0000 0000 0000 0000 0000 0000 0000 0000 0000 0000 0000
0000 0000 2000 0000 0000 0000 0000 0020 0000 0000 0000 0000 0000 0000 0000 0000
0000 0000 0000 0000 0000 0000 0000 0000 0000 0000 0000 0000 0000 0000 0000 0000
0000 0000 0000 0000 0000 0000 0000 0000 0000 0000 0000 0000 0000 0000 0000 0000
0000 0000 8000 0000 2000 0000 0000 0080 0020 0000 0000 0000 0000 0000 0000 0000
0000 0000 0000 0000 0000 0000 0000 0000 0000 0000 0000 0000 0000 0000 0000 0000
0000 0000 0000 0000 0000 0000 0000 0000 0000 0000 0000 0000 0000 0000 0000 0000
0000 0000 0000 0000 0000 2040 0000 0000 0000 0000 0000 0000 0000 0000 0000 0000
0000 0000 0000 8000 0000 0000 0000 0000 0000 0000 0000 0000 0000 0000 0000 0000
0000 0000 0000 0000 0000 0000 0000 0000 0000 0000 0000 0000 0000 0000 0000 0000
0000 0000 0000 1000 0000 0000 0000 1000 0000 0000 0000 0000 0000 8020 0000 0000
0000 8000 0000 0000 0200 0000 0000 8000 0000 0000 0000 0000 0000 0000 0000 0000
0000 0000 0000 0000 0000 0000 0000 0000 0008 0000 0000 0000 0000 0000 0000 0000
0000 0000 0000 0000 0000 0000 0000 0200 0000 0000 0000 0000 0000 0000 0000 4000
0000 0000 0000 0000 0000 0000 0000 0000 0000 0000 0000 0000 0000 0000 0000 0000
0000 0000 0000 0000 0000 0000 0000 0000 0000 0000 0000 0000 0001 0000 0000 0000
0000 0000 0000 0000 0000 0000 0000 0000 0000 0000 2000 0002 0000 0000 0000 0000
0000 0000 0000 0000 0000 0000 0000 0000 0000 0000 0040 0000 0000 0000 0000 0000
0000 0000 0000 0000 0000 0000 0000 0000 0000 0000 0000 0000 0000 0000 0000 0000
0000 0000 0000 0040 0000 0000 0000 0000 0000 0000 0000 0000 0000 0000 0000 0000
0000 0000 0000 0000 0000 0000 0000 0000 0000 0000 8000 0000 0000 0004 2000 0000
0000 0000 0000 0000 0000 0000 0000 0000 0000 0000 0000 0000 0000 0000 0000 0000
0000 0000 0000 0000 0000 0000 0000 0000 0000 0000 0000 0000 0000 0000 0000 0000
0000 0000 0000 0000 0000 0000 8000 0000 0000 0000 0000 0000 0000 0000 0000 0000
0000 1000 0000 0000 0000 0000 0000 0000 0000 0000 0000 0000 0000 0000 0080 0000
0000 0000 0000 0000 0000 0000 0000 0000 0000 0002 0000 0000 0000 0000 0000 0000
0000 0000 0000 0000 0000 0000 0000 0000 0000 0000 0000 0000 0000 0000 0000 0000
0000 0008 0000 0000 0000 0000 0000 0000 0000 0000 0000 0000 0000 0000 0000 0000
0000 0000 0000 0000 0000 1000 0000 0000 0200 0000 0000 0000 0000 0000 0000 0000
0000 0000 0000 0000 0000 0000 0000 0000 0000 0000 0000 0000 0000 0000 0000 0000
0000 0000 0000 0000 0000 0000 0000 0000 0000 0000 0000 0000 0000 0000 0000 0000
0000 0000 0000 0000 0002 6000 0000 0000 0000 0000 0000 0000 0000 0004 0000 0000
0000 0000 0000 0000 0000 0000 0000 0000 0080 0000 0000 0000 0000 0000 0000 0000
0000 0000 0000 0000 0000 0000 0000 0000 0000 0000 0000 0000 0000 0000 0000 0000
0100 0000 0000 0000 0000 0000 0000 0000 0000 0000 8000 0000 0040 0000 0000 0000
0000 0000 0000 0000 0000 0008 0000 0000 0000 0000 0000 0000 4000 0200 0000 0000
0000 0000 0000 0000 0000 0000 0000 0000 0000 0000 0000 0000 2000 0000 0000 0000
0000 0000 0040 4000 0000 0000 0000 0000 0000 0000 0000 0000 0000 0000 0000 0000
0000 0000 0000 0000 0000 0000 0000 0000 0000 0000 1000 0040 0000 0000 0000 0000
0000 0000 0000 0000 0000 0000 0000 0000 0000 0000 0000 0000 0000 0000 0000 0000
0000 0000 0000 0000 0000 0000 0000 0000 0008 0000 0000 1000 0000 0000 1000 0000
0000 0000 0000 0000 0000 0000 0000 0000 0000 0000 0000 0000 0000 0000 0020 0000
0000 0000 0000 0000 0000 0000 0000 0000 0000 0000 0000 0000 0000 0000 0000 0000
0000 0000 0000 0000 0000 0000 0000 0000 0000 0000 0000 0000 0000 0000 0000 0000
0000 0000 0000 0000 0000 0000 0000 8000 0000 0000 0000 0000 0000 0000 0000 0000
0000 0000 0000 0000 0000 0000 0000 0000 0000 0000 0000 0000 0000 0000 0000 0000
0000 0000 0000 0000 0000 0000 0000 0000 0000 0000 0000 0000 0000 0000 0004 0000
0000 0000 0000 0000 0000 0000 0000 0000 0000 0000 0000 0000 0000 0000 0000 0000
0000 0000 0000 0000 0000 0000 0000 0020 0000 0000 0000 0000 0002 0000 0000 0000
0000 0000 0000 0000 0000 0000 0000 0000 0000 1000 0000 8000 0000 0000 0000 0000
0000 0000 0000 0000 0000 0000 0000 0000 0000 0000 0000 0000 0040 0000 0000 0000
0000 0040 0000 0000 0000 0000 0000 0000 0000 0000 0000 0000 0000 0000 0000 0000
0000 0000 0200 0000 0000 0000 0000 0010 0000 0000 0000 0010 0000 0000 0000 0000
0000 0000 0000 0008 0000 0080 0000 0000 0000 0000 0000 0000 0000 0000 0000 0000
0000 0000 0000 0000 0000 0000 0000 0000 0000 0000 0000 0000 0002 0000 0000 0000
0000 0000 0000 0000 0000 0000 0000 0000 0000 0000 0000 0000 0000 0000 0000 0000
0001 0000 0000 0000 0000 0000 0000 0000 0024 0000 0000 0000 0000 0000 0040 0000
0000 0000 0000 0000 0000 0000 0000 0000 0000 0100 0000 0000 0010 0000 0000 0000
0800 0000 0000 0000 0000 0000 0000 0000 0000 0000 0000 0000 0004 0000 0000 0000
0000 0000 0008 0020 0000 0000 0000 0000 0000 0000 0000 0000 0000 0000 0000 0000
0000 0000 0000 0000 0010 0004 0000 0000 0000 0000 0000 0000 0000 0000 0000 1000
0000 0800 0000 0014 0000 0000 0000 0000 0000 0000 0000 0000 0000 0000 0000 0000
0000 0000 0000 0000 0000 0000 0000 0000 0000 0000 0000 0000 0000 0000 0000 0000
0000 0000 0000 0000 0000 0000 0000 0000 0000 0000 0000 0000 0000 0000 0000 0200
0000 0010 0000 0000 0000 0000 0004 0000 0000 0000 0000 0000 0000 0000 0000 0000
0000 0000 0000 0000 0000 0000 0000 0000 0000 0000 0000 0000 0000 0000 0000 0000
0000 0000 0000 0000 0000 0000 0000 0000 0000 0000 0000 0000 0000 0000 0000 0000
0000 0000 0000 0000 0000 0000 0000 0000 0000 0000 0000 0000 0000 0000 0000 0000
0000 0000 0000 0000 0000 0000 0000 0000 0500 0000 0000 0000 0000 0000 0010 0000
0000 0000 0000 0000 0000 0000 0000 0000 0000 0020 0000 0000 0000 0000 0000 0000
0000 0010 0000 0000 0000 0000 0000 0000 0000 0000 0000 0000 0000 0000 0000 0000
Physical Chip 3
0000 0000 8000 2020 0000 0004 0000 0001 0002 0000 0000 4000 8000 8020 0000 0000
0000 0000 0800 0002 4000 0000 0000 0000 0000 0000 4000 0000 0000 8100 0008 0000
0000 0000 0000 0000 4000 0000 4000 0000 0000 0000 0000 0000 0000 0010 0000 0000
4000 0030 0010 0000 0008 0000 0000 0000 0000 0000 2000 8020 0000 0001 0000 0000
0000 0000 0014 4800 2000 0000 000C 0000 0000 0000 0000 0000 8000 0008 0000 0000
0000 0000 0080 0000 0000 0000 0004 0800 0002 0013 0000 0050 0000 0000 0000 C000
0000 0014 4800 0100 0000 0000 0000 0000 0000 0804 0100 0000 0000 0000 0000 0008
0000 0000 0000 0000 0800 8000 4001 0000 0012 1400 0100 0008 0000 0000 0000 0500
0000 0000 0010 0000 0000 0800 0000 0000 1000 0000 0004 0000 0210 0000 0000 0800
0800 4000 0002 0000 0100 0200 0000 0000 0000 8000 0000 0010 0000 0000 0000 0000
8000 0008 0000 0002 0000 0000 0000 0000 0000 0000 0000 0000 0000 0040 0000 0C04
0240 0000 0000 0000 0000 0000 0010 1100 0200 0020 2000 0000 0000 0040 0000 0001
0001 0000 0802 0040 0221 1000 0040 0000 0042 2000 0080 0101 8000 0000 0000 0000
0100 0000 C000 1000 0000 0000 0040 0000 0000 0400 0000 0000 0000 0006 8010 0004
0100 0000 0310 000C 0000 8000 0080 0020 0002 0000 0100 0000 0000 0004 0000 0000
0000 0200 0000 0024 1000 0000 0080 1000 0000 0000 0200 0008 0800 4000 0000 0000
0000 0000 8008 0010 0000 0000 0001 0000 0000 1000 0000 0000 0000 0408 0062 0000
0000 0000 0000 0100 0000 0000 4000 0000 0000 0000 0004 0400 0010 0000 0000 0200
0000 0008 0000 0000 8002 0000 0000 0080 0010 0000 0000 0000 4000 0000 0000 0000
0000 0000 2000 0000 0000 0000 1000 0000 4000 0000 0001 0001 0000 0241 0000 0008
0000 0005 0000 8000 0000 0000 8000 0800 0000 0000 0000 0000 0300 0000 0000 4000
0000 0010 0000 0000 0000 2100 0000 0080 0000 0002 0000 0000 0008 0100 0000 0080
0002 0000 0080 0000 4800 0044 0000 0004 0000 0010 0000 0000 0000 0040 0004 0000
0000 0000 0000 0080 0000 0090 0000 0080 0101 0000 0400 0004 0000 0000 0000 0000
0020 0000 0000 0000 0000 0109 0000 0000 0000 0000 0000 0000 000A 4000 1000 0000
0000 0000 4000 0000 0000 0000 0000 0000 0200 0000 2000 0480 1012 0000 0000 0000
0020 8000 0000 0000 0000 0000 2000 0000 0000 0000 0000 0000 0100 0000 0000 0080
0000 0000 0008 0080 0800 0800 0000 0020 0320 0000 8000 0010 0000 0801 0000 0010
0000 0000 0000 8000 0100 0000 0000 0000 0200 1000 0000 0000 0000 0000 0000 0200
0002 0000 0000 0000 0020 0410 0000 0000 0000 0000 0080 0000 0200 0401 0100 0000
0080 0000 0000 0000 8000 0800 0000 0000 0000 0100 0000 0000 8000 0001 0000 0000
0000 0040 0000 0000 1040 2000 0000 0000 0000 0008 0000 0000 0000 0000 0100 2000
0000 0000 0020 0000 0000 0000 8020 0000 0000 1000 0000 0010 0000 8000 0008 4020
4008 0000 0020 0000 0000 0C40 0000 0000 0004 2000 0000 0000 0004 0206 0800 0800
0000 0001 0010 0002 0000 0000 0200 5000 0000 0080 0804 0000 8008 0000 0008 0400
0000 0800 0000 0000 0000 0400 0000 0000 0005 0000 0000 0000 0000 0000 0000 0000
0000 0000 0000 0008 0000 0000 0000 0000 0000 0000 0000 0008 0800 0000 1000 0000
0000 0000 1000 0004 0000 2000 0000 0000 2000 0090 0002 8000 0000 0000 0001 0000
2008 0024 0008 0000 0000 400A 0400 0000 0000 0800 0020 0800 0040 0000 0000 0000
0000 0008 4080 0000 0020 0A00 8000 0010 0000 0020 0000 0000 0000 0000 0040 0000
0000 0000 0000 0000 0000 0000 0000 0000 0000 0000 0000 0000 0000 0100 0000 0000
0000 0000 8008 0008 0010 4200 0000 4000 0000 0000 8000 0000 0000 8000 0008 0000
0000 0000 0000 0000 0000 0000 0000 0004 0000 0000 0000 0400 0020 0000 0000 0000
0200 0000 0020 0000 0020 0000 0000 0000 0000 0800 0000 0000 0000 0000 0000 0000
0400 1000 0400 0000 0000 0000 0020 0000 0000 0000 0000 0000 0000 0000 0000 0000
0040 4000 0100 0000 0000 4000 0000 0000 0000 0000 0000 0000 0012 0000 0008 0000
0000 0000 0000 0000 0000 0000 0000 0000 0000 0001 0104 0000 8000 8040 0000 2000
0004 0000 0000 0000 0010 0000 0000 0000 0000 0800 0000 1000 0200 0200 0000 0000
0100 0800 0000 0000 0000 0001 0000 8800 0400 0000 0000 0000 0000 0000 0000 0002
0000 0208 0080 0000 2000 0008 3000 4000 0000 8008 0000 0000 1000 0000 0140 0000
0000 0001 0100 0000 0000 0008 0000 0000 0200 0000 0000 0008 0020 0001 2001 0000
8000 0000 0081 0100 0000 0000 0300 0000 0000 0000 0000 0000 0000 0000 0100 0000
0000 0000 0000 0000 0000 0000 0000 0080 0040 0000 0010 1000 0100 0000 0000 0040
8001 0000 0000 0001 0000 0000 0080 0000 0200 1000 0000 0004 0000 0000 0000 0014
0000 0000 0000 8002 0000 0000 0000 0000 0080 0000 2000 0000 0000 0011 1000 0000
0041 0218 0000 0000 0000 0000 0000 0004 4400 5200 0080 0100 A000 1000 0000 0000
0010 000A 0000 8620 0500 0500 0000 0000 A000 1000 0000 0020 0020 0100 0100 0000
0040 0000 0000 0000 0000 4004 0C00 1004 0000 0040 0000 0000 0202 0000 0001 0000
0000 0004 0000 0000 8000 0000 0000 0000 0000 0000 0021 0000 0004 0200 0000 0000
0680 0000 0000 8000 0010 0800 1000 0200 1400 0000 0000 0000 0000 0000 0800 0000
0020 0800 0000 0000 0000 0000 0100 0000 0001 8000 0000 0000 2000 0200 0080 0100
0000 0000 0000 0800 0000 0000 8000 0200 0040 0000 0000 0000 0000 0003 0000 1200
0000 0000 0000 0000 0000 1000 0030 0001 0008 0000 0000 0800 0000 0400 0001 0000
0000 0800 0000 8000 0000 0000 1000 0000 0800 0000 1400 0000 0000 0000 0000 0000
1200 0000 0000 0800 2004 0008 0000 0008 0200 0800 0010 0000 0080 2001 0020 0000
0000 0089 0800 0001 0004 0000 8000 0080 0000 0100 0000 0000 0000 0000 0200 0000
0004 0100 0000 0000 0000 0000 0000 0803 0000 0000 0000 0000 0000 0000 0000 0000
0010 0000 0000 0004 0000 0000 0000 0000 0000 0000 2000 0000 0000 1000 0000 8000
0000 1040 0000 0000 0000 0000 0000 000A 0004 0200 0000 0000 0002 0000 0200 0000
2000 8000 0000 0000 0000 2000 0000 0000 0000 0000 0000 0000 0700 0000 0000 0090
0000 0020 0000 0002 0000 0000 0000 0004 0001 0000 0400 0000 0000 0000 0000 0000
0080 2000 0000 0200 0400 0000 4040 0000 2000 0000 0020 0000 0000 0000 0000 0000
0000 0000 0000 0010 8000 0000 8000 0004 0000 0000 0020 0000 0000 4000 3104 0200
0000 0400 0000 0000 1000 0000 0004 0000 0040 0000 0000 8008 2010 0000 0000 0020
8000 0011 1000 0000 8080 0000 0000 0600 0000 0000 0000 8000 0000 0000 0180 0080
0000 0000 1004 0000 2000 0000 3000 0000 0000 0000 0000 0000 0010 0100 0000 0000
0000 0008 0000 0040 0001 0000 0000 0000 8000 0000 0000 0000 0000 0000 0000 0002
0000 0000 0000 0008 0000 0040 0000 8000 0000 0000 0000 0000 0001 0000 0000 0000
4000 0000 0000 0004 0000 0040 0000 0000 0000 8010 0001 0000 0000 0008 0000 2000
1000 0000 0000 0000 0000 0000 0000 0000 0000 0000 0008 2080 0000 0000 8000 0000
0080 0000 0000 0000 0000 4010 0004 0000 0000 0800 0000 0000 0000 0000 0000 0000
0000 0000 0010 0800 0080 0000 0000 0022 0000 0000 0000 0000 0800 0022 0000 0000
0800 0000 0800 0000 0000 0000 0000 0000 0010 0001 0000 0001 0000 0000 0000 0000
0000 0000 0000 0008 0000 0000 0000 0000 0000 8100 0000 8000 0400 0000 8001 0000
0000 0000 0000 4080 0000 0000 0000 0000 8000 0000 0000 0001 0000 0000 0000 0080
0000 0004 0000 0008 2000 0000 0000 0000 0000 0000 1004 0000 4000 0040 0009 0000
0000 0000 0000 0000 8000 0000 1000 0600 0000 0040 0000 0010 0000 0000 0000 0000
0800 0400 0048 0000 0000 0000 0000 0004 0000 0000 0000 C028 0000 0000 2000 0040
0000 0000 0000 0000 0100 0000 0000 0000 0000 0000 0000 0000 0000 0000 0000 0800
0000 0000 0002 0220 0000 0000 0000 0000 0000 2010 0100 0000 0000 0608 0800 0000
1000 0400 0000 0000 0000 1060 0000 0020 0000 0020 0000 0000 0008 1000 0000 0000
8000 1000 0000 0000 0004 2000 0000 0000 1202 4040 0000 0100 0000 0000 0200 0022
0000 0020 0400 0020 0000 0000 0010 0000 0100 0020 4000 4000 0000 8000 0000 0008
0000 0000 0000 1000 4000 1000 0080 0000 0000 0000 0010 8000 0000 3000 0200 0000
0000 0000 0000 0000 0000 1000 0000 0000 0000 0010 0110 0000 0000 0000 0000 0001
0002 0200 0280 0000 0000 2001 A000 0000 0000 0400 0100 0082 0200 0000 0000 0000
0000 0000 0000 0000 0000 0020 0400 0008 0000 0000 0000 0008 0000 0000 0800 0000
0400 0000 0000 4000 0800 0001 0000 0000 0000 0000 0000 4004 0040 0000 0800 0000
0000 2030 4001 0000 0000 0000 0000 0008 8000 0000 0004 0000 0000 5000 0200 8000
0000 0008 0000 0000 2000 0000 0000 0000 0000 0020 0000 0000 2002 0000 0000 0020
0000 0000 0000 8000 0000 0000 0000 0802 0004 0002 0000 0108 8000 0000 8000 0000
0010 0000 0000 0000 0000 0200 0004 0000 0000 0001 0000 0000 0000 0000 0000 0000
0080 0000 0000 0000 8000 0000 0000 0880 0802 0000 0010 0000 0000 0000 8000 0001
4100 8408 0004 0000 0000 0000 0004 0000 1000 0000 0004 0002 0000 0110 0002 0000
0000 0000 0000 0100 0028 0000 2000 0020 8900 0800 2000 2010 0000 0200 0001 0080
0000 0000 C000 0080 0008 0000 0000 0300 0000 8400 0000 0020 0000 0000 0000 0080
1000 0000 8000 0000 0000 0000 0000 0400 0200 0044 0800 0004 0000 0000 0000 0008
0000 0000 0044 0000 0000 0000 0021 4800 4200 0000 0000 0000 0800 0000 0000 0000
0000 0002 2000 0000 0000 0000 0000 0800 0000 0414 9000 0200 0000 2000 0000 0004
4400 0000 0000 0000 0100 0000 0004 0000 0000 0082 0000 0010 0000 0000 0100 0100
0000 8000 0000 0040 0080 2000 0000 0020 0000 0110 0004 0000 4000 0000 1000 0080
0000 0000 0000 0000 0400 0000 4000 0000 0000 1000 0000 2800 0000 8420 0000 0000
4000 0000 1004 0000 0000 0000 0100 0000 4000 0021 0000 0000 0000 0228 0120 0000
0002 8200 0000 0800 0000 4000 0000 0000 0200 8000 4004 0001 0004 1000 0000 0040
0000 0000 0000 0000 0000 0000 0000 0001 0000 0800 0002 1000 0000 0200 0000 0000
0000 0200 0000 0001 0000 0000 0000 1002 0000 0000 0800 0000 0000 0480 2200 8000
0000 0000 0000 FFD0 0010 2000 0200 0000 0000 0182 2100 0000 0000 0000 0004 0000
0000 0000 0000 0100 0000 0000 0180 0000 0000 0000 0000 0000 0000 0002 0080 0000
0000 0000 0020 0000 0000 0004 0000 0000 1000 2010 1800 0200 0500 0000 0000 0000
1400 0000 0004 0000 0000 0000 0008 0024 0000 0010 0000 0020 0000 0020 8000 0000
0001 0210 0000 FFF6 0000 0000 4220 0000 0420 0000 0404 4800 0001 0000 0000 0000
0000 0001 0000 0000 1000 0210 0000 0000 0000 0000 0000 0401 0000 0040 0000 0000
0000 0000 0000 0004 0080 0000 0005 4000 0000 0000 0000 0100 0000 0000 0000 0080
0000 0000 0000 0000 8400 0000 0000 0000 0014 0000 2000 0000 8200 0000 2400 0000
0000 0180 0000 FFF4 40A0 0000 1000 0000 0000 0000 0000 0000 0000 1000 0020 0810
0000 0004 0000 4000 0000 0000 0000 A004 0008 4040 0000 0080 0040 0000 0400 2000
0000 0004 0000 0000 0000 0400 0000 0000 2040 0000 0000 0000 0200 0020 0000 0000
0000 0000 0000 0000 0000 0400 6000 0000 0000 0004 0000 0010 0400 0200 0000 4200
Physical Chip 4
0000 0000 0000 0000 0000 0000 0000 0000 0000 0000 0000 0000 0000 0000 0000 0000
0000 0000 0000 0000 0000 0000 0000 0000 0000 0000 0000 0080 0000 0000 0000 0004
0000 0000 0008 0000 0000 0000 0000 0000 0000 0000 0000 0000 0000 0000 0000 0000
0000 0002 0000 0000 2000 0000 0000 0000 0000 0000 0000 0000 0000 0000 0000 0000
0000 0000 0000 0020 0010 0100 0000 0000 0000 0000 0000 0000 0000 0000 0000 0000
0000 0000 0000 0000 0000 0000 0000 0000 0000 0000 4000 0000 0000 0000 0000 0000
0010 0000 0000 0000 0000 0000 0000 0000 0000 0000 0000 0040 0000 0000 0000 0000
0000 0000 0000 0000 0000 0000 0000 0000 0000 0000 0000 0000 0000 0000 0000 0000
0000 0000 0002 0000 0000 0000 0000 0000 0000 0000 0000 0000 0000 0000 0000 0000
0000 0000 0001 0000 0000 0000 0000 0000 0000 0000 0000 0000 0000 0000 0000 0000
0000 0000 0000 0000 0000 0000 0000 0000 0000 0000 0000 0000 0000 0000 0000 0000
0000 0000 0000 0000 0000 0000 0000 0000 0000 0000 0000 0000 1000 0000 0000 0000
0000 0000 0000 0000 0000 0000 0000 0000 0000 0000 0000 0000 0000 0000 0000 0000
0000 0000 0000 0010 0000 0080 0000 0000 0000 0000 0000 0000 0000 0000 0000 0000
0000 0000 0000 0000 0000 0000 0000 0000 0000 0000 0000 0000 0000 0000 0000 0000
0000 4000 0000 0000 0000 0000 0000 0000 0000 0000 0000 0000 0000 0000 0000 8B23
0000 0000 0000 0010 4000 0000 0000 0200 0000 0000 0000 0200 0000 0000 2000 0000
0000 0008 0000 0800 0000 0000 0000 0000 0000 0000 0000 0000 0020 0000 0000 0000
0000 0000 0000 0000 0000 0000 0000 0000 0000 0000 0000 0100 4000 0000 0000 0000
0008 0000 0100 0000 0000 0000 0000 0000 0000 0000 0000 0000 0000 0000 0000 0000
0000 0000 0000 0000 0008 0000 0000 0000 0000 0000 0000 0000 0000 0000 0000 0000
0100 0000 0000 0000 0000 0000 0000 0000 0000 0000 0000 0200 0000 0000 0000 0000
0000 0000 0000 0000 0000 0500 0000 0000 0000 0200 0000 0000 0000 0000 0000 0000
0000 0000 0000 0000 0000 0000 0000 0000 0000 0000 0200 0000 0000 0000 0000 0000
0408 0000 0000 0000 0000 0000 0000 0000 0000 0000 0000 0000 0000 0000 0000 0000
0000 0000 0000 0000 0000 0000 0000 0000 0000 0000 0000 0000 0000 0000 0000 0000
0000 0000 0000 0000 0000 4000 0000 0000 0000 0002 0000 0000 0000 0000 0000 0000
0000 0000 0000 0000 0000 0000 0000 0040 0000 0000 0000 0000 0000 0000 0000 0000
0000 0000 0000 0000 0000 0000 0000 0000 0000 0000 0000 0000 0000 0000 0000 0000
0000 0000 0000 0000 0000 0000 0000 0000 0000 0000 0000 0000 0000 0000 0000 0000
0000 0000 0000 0000 0080 0000 0000 0000 0000 0000 0000 0000 0000 0000 0000 0000
0000 0000 0000 0000 0000 0000 0000 0100 0000 0000 0000 0000 0000 0000 0004 8AAF
0000 0000 0000 0000 0000 0000 0000 0000 0000 0000 0000 0000 0002 0000 0000 0000
0000 0000 0000 0000 0000 0000 0000 0000 0000 0000 0000 0000 0000 0000 0000 0000
8004 0000 8000 0000 0000 0000 0000 0000 0000 0000 0000 0000 0000 0000 0000 0000
0000 0000 0000 0000 0000 0000 0000 0000 0000 0000 0000 0000 0000 0000 0000 0000
0000 0000 0000 0000 0000 0000 0000 0000 0000 0000 0001 0000 0000 0000 0000 0000
0000 0400 0000 0000 0000 0000 0000 0000 0000 0000 0000 0000 1000 0000 0000 0020
0000 0000 0000 0000 0000 0000 0000 0000 0000 0000 0000 0000 0000 0000 8000 0000
0000 0120 0000 0000 0000 0000 0000 0000 0080 0000 0000 0000 0000 0000 0000 0000
0000 0000 0000 0000 0000 0000 0100 0000 0000 0000 0000 0000 0000 0400 0000 0000
0000 0000 0000 0000 0000 0000 0000 0000 0000 0000 0000 0000 0000 0000 0000 0000
0000 0000 0000 0000 0000 0000 0002 0000 0000 0000 8000 0000 0000 0000 0000 0000
0000 0000 0000 0000 0000 0000 0000 0008 0000 0000 0000 0000 0000 0000 0000 0000
0020 0000 0000 0000 0000 0000 0000 0000 0000 0000 0000 0000 0000 0000 0000 0000
0000 0000 0000 0000 0000 0000 0000 0000 0000 0000 0000 0000 0000 0000 0000 0000
0000 0000 0000 0000 0000 0800 0000 0000 0000 0000 0000 0000 0000 0000 0000 0000
0000 0000 0000 0000 0000 0000 0000 0000 0000 0000 0000 0000 0000 0000 0002 D10F
0000 0000 0000 0000 0000 0000 0000 0000 0000 0000 0002 0000 0000 0000 0400 0000
0000 0000 0000 0000 0000 0000 0000 0400 0000 0000 0000 0000 0000 0000 0000 0000
4000 0000 0000 0002 0000 0000 0000 0000 0000 0000 0040 0000 0000 0000 0000 0000
0000 0000 0000 0000 0000 0000 4000 0000 0000 0000 0000 0000 0000 0000 0400 0000
0000 0000 0000 0000 0000 0000 0000 0000 0000 0000 0000 0000 0000 0000 0000 0000
0000 0000 0000 0000 0000 0000 0000 0000 0000 0000 0000 0000 0000 0000 0000 0000
0000 0000 0000 0000 0000 0000 0000 0000 0000 0000 0000 0000 0000 0002 0000 0000
0000 0000 0000 0200 0000 0000 0000 0000 0000 0020 0080 0000 0000 0000 0000 0000
0000 0000 0000 0000 0000 0000 0000 0000 0000 0000 8000 0000 0000 0000 0000 0000
0000 0400 0000 0000 0000 0000 0000 0000 0000 0000 0000 0000 0000 0100 0000 0000
0000 8000 0000 0000 0000 0001 0000 0000 0000 0000 0000 0000 0000 0000 0000 0000
0000 0000 0000 0000 0000 0020 0000 0000 0004 0000 0000 0000 0000 0000 0000 0000
0000 0002 0000 0000 0000 0080 0020 0000 0000 0000 0000 0000 0100 0000 0000 0000
0000 0000 0000 0000 0000 0000 0000 0000 0001 0000 0000 0000 0000 0000 0000 0000
0000 0000 0000 0000 0000 0000 0000 0000 0000 0000 0000 0000 0000 0000 0000 0000
0000 0000 0200 0000 0000 0000 0000 0000 0000 0000 0000 0000 0010 0000 0000 DCBF
0000 0000 0000 0000 8000 0000 0000 0000 0000 0000 0000 0000 0000 0000 0000 0080
0000 0000 0000 0000 0010 0000 0000 0000 0000 0000 0000 0000 0080 0000 0002 0000
0000 0000 0000 0000 0000 0000 0000 0000 0000 0000 0000 0000 0000 0000 0000 0000
0000 0000 0000 0000 0000 0000 0000 0000 0000 0000 0000 0000 0000 0000 0000 0000
0040 0000 0000 0000 0000 0000 0000 0000 0000 0000 0000 0000 0004 0000 8000 0000
0000 0000 0000 0000 0000 0000 0000 0000 0000 0000 0000 0000 0000 0000 0000 0000
0000 0000 0000 4000 0000 0000 0000 0000 0000 0000 0000 0000 0000 0000 0000 0000
0000 0000 0000 0000 0000 0000 0000 0000 0000 0800 0000 0010 0000 0000 0000 0000
0000 0000 0000 0000 0000 0000 0002 0000 0000 0000 0000 0000 0000 0000 0080 0000
0000 0000 0000 0000 0000 0000 0000 0000 0000 0000 0000 0000 0000 0000 0000 0000
0000 0000 0000 0000 0000 0000 0000 0000 0000 0000 0000 0000 0000 0200 0000 0000
0040 0000 0000 0000 0000 0000 0000 0000 0000 0000 0000 0000 0000 0000 0000 0000
0000 0000 0000 0000 4000 0000 0000 0001 0000 0100 0000 0000 0000 0000 0000 0000
1000 0010 0000 0000 0000 0000 0000 0000 0000 0000 0000 0000 0004 0000 0000 0005
0000 0000 0000 0000 0000 0000 0000 0000 0100 0000 0000 0000 0000 0000 0000 0000
0000 0040 0000 0000 0000 0000 0000 0000 0000 0000 0000 0000 0000 0000 0000 CFAD
0000 0000 0000 0000 0000 0000 0000 8000 0000 0000 0000 0200 0000 0000 0000 0000
0200 0000 0000 0000 0000 0000 0000 0000 0000 0000 0000 0000 0002 0000 0000 0000
0000 0000 0000 0000 0000 0000 0000 0000 0000 0000 0000 0000 0000 0000 0000 0000
0000 0000 0000 0000 0000 0000 0000 0000 0000 0000 0000 0001 0000 0000 0000 0000
0000 0000 0000 0000 0000 0000 0000 0000 0000 0000 0000 0000 0000 0000 0000 0000
0000 0000 0000 0000 0000 0000 0200 0000 0000 0000 0000 0000 0000 0000 0000 0000
0000 0000 0000 0000 0000 0000 0000 0000 0000 0000 0000 0004 0000 0000 0000 0000
0000 0000 0000 0000 0000 0000 0000 0000 0000 0000 0100 0000 0000 0000 0000 0000
0000 0000 0004 0000 0000 0000 0000 0000 0000 0000 0000 0000 0000 0000 0000 0000
0000 0020 0000 0000 0000 0000 0000 0000 0000 0400 0000 0000 0000 0000 0000 0000
0000 0000 0001 0000 0000 0000 0000 0000 0000 0000 0000 0000 0000 0000 0000 0000
0000 0000 0000 0040 0008 0000 0000 0000 0210 0000 0000 0000 0000 0000 0001 0000
0000 0000 0000 0000 0000 2000 0000 0000 0000 0000 0000 0000 0000 0000 0000 0000
0000 0000 0000 0000 0000 1000 0000 0008 0000 0000 0000 0000 0000 0000 0000 0000
0000 0000 0000 0000 0000 0080 0000 0000 0000 0000 0000 0000 0000 0000 0000 0000
0000 0020 0000 0000 0000 0000 0000 0000 0000 0000 0000 0000 0000 0800 0000 4FF7
0000 0000 0000 0000 0000 0000 0000 0000 0000 0000 0000 0000 0000 0000 0000 0000
0000 0000 0000 0000 0400 0000 0000 0000 0000 0000 0000 0000 0000 0000 0000 0000
0000 0000 0000 0000 0000 0000 0000 0000 0000 0000 0000 0000 0000 0000 0000 0000
0000 0000 0000 0000 0000 0000 0000 0000 0000 0000 0000 0000 0000 0000 0000 0000
0000 0000 0000 0000 0000 0000 0000 0000 0000 0000 0000 0000 0000 0000 0000 0000
0000 0000 0000 0000 0000 0000 0000 0000 0000 0000 0000 0000 0000 0000 0000 0000
0000 0000 0000 0000 0000 0000 0000 0000 0000 0000 0000 0000 0000 0000 0000 0000
0000 0000 0000 0000 0000 0000 0000 0000 0002 0000 0000 0000 0000 0000 0000 0000
0000 0000 0000 0000 0000 0000 0000 0008 0000 0000 0000 0000 0000 0000 0000 0000
0000 0000 0000 0000 0000 0000 0000 0000 0000 0000 0000 0000 0000 0000 0000 0000
0000 0000 0000 0000 0000 0000 0000 0000 0400 0000 0000 0000 0000 0000 0000 0000
0000 0000 0000 0000 4000 0000 0000 0000 0000 0000 4000 0000 0000 0000 0000 0000
0000 0000 0000 0000 0000 0000 0000 0000 0000 0000 0000 0000 0000 0000 0000 0000
0000 0000 0000 0000 0000 0000 0000 0000 0000 0000 0000 0000 0000 0000 0000 0000
0000 0000 0000 0008 0000 0000 0000 0000 0000 0000 0000 0000 0000 0000 0000 0000
0000 0000 0008 0000 0000 0000 0100 0000 0000 0000 0000 0000 0000 0000 8000 C67E
8000 0000 0000 4000 0000 0000 0000 0000 0000 0000 0000 0000 0000 0000 0000 0000
0000 0000 0000 0000 0000 0000 0000 0000 0000 0000 0000 0000 0002 0000 0000 0000
0000 0000 0000 0000 0000 0000 0000 0000 0000 0000 0004 0000 0000 0000 0000 0000
0000 0000 0000 0000 0000 0000 0000 0000 0000 0000 0000 0000 0000 0000 0000 0000
0000 0000 0000 0000 0000 0000 0000 0000 0000 0000 0000 0000 0000 0000 0000 0000
0000 0000 0000 0000 0000 0000 0000 0080 0000 0000 0000 0000 0000 0000 0000 0000
0000 0000 0000 0000 0000 0000 0000 0000 0000 0000 0000 0000 0000 0000 0000 0000
0000 0000 0000 0000 0000 0000 0000 0000 0000 0000 0000 0000 0000 0000 0000 0000
0000 0000 0000 4000 0000 0000 0000 0000 0000 0000 0000 0000 0000 0000 0000 0000
0000 0000 0000 0000 0000 0000 0000 0000 0000 0000 0000 0000 0000 0000 0000 0001
0000 0000 0000 0000 0000 0000 0000 0000 0000 0002 0000 0000 0000 0000 0000 0000
0000 0000 0000 0000 0000 0000 0000 0000 0000 0000 0000 0000 0000 0000 0000 0000
0001 0000 0000 0000 0000 0001 0000 0000 0000 0000 0000 0000 0000 0000 1000 0000
0000 0000 0000 0000 0000 0000 0000 0800 0000 0000 0000 0000 0000 0200 0000 0000
1000 0000 0000 0000 0000 0020 1000 0000 0000 0000 0000 0000 0000 0000 0000 0000
0000 0000 0000 0000 0000 0000 0000 0000 0000 0000 0000 0000 0000 0000 0000 7AA3
Physical Chip 5
0000 1000 0000 0000 0000 0000 0000 0000 0000 0100 0000 0000 0000 0000 0000 0400
0000 0000 0000 0000 0000 0000 0000 0000 0000 0000 0000 0000 0000 0000 0000 0000
0000 0000 0000 0000 0000 0000 0000 0000 0100 0000 0000 0000 0000 0000 0000 0200
0000 0000 0000 0000 0000 0000 0400 0000 0000 0000 0000 0000 0000 0000 0001 0000
0000 0000 0000 0000 0000 0000 0000 0000 0000 0002 0000 0000 0000 0000 0004 0000
0000 0000 0000 0000 0080 0000 0000 0000 0000 0000 0000 0000 0000 0000 0000 0000
0000 0000 2000 0000 0000 2000 0020 0200 0000 2000 0000 0000 0000 0000 0000 0000
0000 0000 0000 0000 0000 0000 0000 0001 0000 0000 0010 0000 0000 0000 0000 0000
0000 0000 0000 0000 0000 0000 0000 0000 0000 0000 0000 0000 0000 0000 0000 0000
0000 0000 0000 0000 0000 0000 0400 0000 0000 0000 0000 0000 0000 0000 0000 0000
0000 0000 0000 0000 0000 0000 0000 0000 0000 0000 0000 0000 0002 0000 0000 0048
0000 0000 0020 0000 0000 0000 0000 0000 0000 0000 0000 0000 0000 0000 0000 0000
0000 0000 0000 0000 0004 0000 0000 0020 0000 0000 0000 0000 0000 0000 0000 0000
0000 0000 0000 0000 0000 0000 0000 0000 0000 0400 0000 0000 0000 0000 0000 0000
0000 0400 0001 0100 0000 0000 0000 0000 0000 0000 0404 0000 0000 0000 0000 0000
0000 0000 0000 0000 0000 0000 0000 0000 8000 0000 0000 0000 0000 0000 0000 FFFF
0000 0000 0002 0100 0000 0000 0000 0000 0000 0000 4000 0000 0000 0000 0040 0000
0008 0000 0100 0000 0000 0000 0000 0000 0004 0000 0000 0000 0000 0000 0000 0000
0000 0020 0000 0000 0000 0000 0000 0000 0200 0008 0000 0000 0000 0000 0000 0000
0000 0000 0000 0000 0000 0000 0000 0000 0000 0000 0000 0000 0000 0000 0000 0000
0000 0000 0000 0000 0000 0000 0000 0000 0000 0000 0000 0000 0000 0000 0000 0000
0000 0000 0000 0000 0000 0000 0000 0000 0000 0000 0000 0000 0000 0000 0000 0008
0000 0000 0000 0000 0000 0000 0000 0000 0000 0000 0000 0000 0000 0000 0000 0000
0000 0000 0000 0000 0000 0000 0000 0000 0000 0000 0000 0040 0000 0000 0000 0000
0000 0000 0000 0000 0000 0000 0000 0000 4020 0000 0000 0000 0000 0000 0000 0000
0000 8000 0000 0000 0000 0000 0000 0000 0000 0000 0000 0000 0000 0000 0000 0000
0000 0000 0002 0000 0000 0000 0000 0000 0000 0000 0000 0000 0000 0000 0000 0000
0000 0000 0000 0000 4000 0000 0000 0000 0200 0000 0000 0000 0000 0000 0000 0000
0008 0000 0000 0000 0000 0000 0000 0000 0000 0000 0000 0000 0000 0000 0000 0000
0000 0000 0000 0000 0000 0000 0080 0000 0000 0000 0000 0000 0000 0000 0000 0000
0000 0000 0000 1000 0000 0000 0000 0000 0000 0000 0000 0000 0000 0000 0000 0000
0000 0000 0000 0000 0000 0000 0000 0000 0000 0000 0000 0000 0000 0000 0000 9FFF
0000 0000 0000 0000 0000 0000 0000 0000 0000 0000 0000 0000 0000 0000 0000 0000
0000 0000 0000 0000 0000 0000 0000 0000 0000 0000 2001 0000 0000 0000 0000 0000
0000 0000 0000 0000 0100 0000 0000 0000 0000 0000 0000 0000 0000 0000 0000 0000
0000 0000 0000 0000 0000 0000 0000 0000 0000 0000 0000 0000 0000 0000 0000 0000
0000 0000 0000 0000 0000 0000 0000 0000 0000 0000 0000 0000 0004 0000 0000 0008
0000 0000 0000 0000 0000 0000 0000 0000 0000 0000 0000 0000 0020 0000 0000 0000
0000 0002 0000 0000 0000 0000 0000 0000 0000 0000 0000 0000 0000 0000 0000 0000
0000 0000 0000 0000 0000 0000 0040 0000 0000 0000 0000 0000 0000 0000 0000 0000
0000 0000 0000 0000 0000 0000 0000 0000 0000 0000 0000 0000 0000 0000 0000 0000
0000 0000 0000 0000 1000 0200 0000 8000 0000 0000 0000 0000 0000 0000 0000 0000
0000 0000 0000 0000 4000 0000 0000 0000 0000 0000 0000 0000 0000 8000 0000 0000
0000 0000 0001 0000 0000 0000 0000 0000 0000 0000 0000 0000 0000 0000 0000 0000
0000 0000 0200 0000 0000 0000 0000 0000 0000 0000 0080 0000 0000 0000 0000 0020
0000 0000 0000 0000 0000 0000 0000 0000 0000 0000 0000 0000 0000 1000 0000 0000
0000 0000 0000 0000 0000 0000 0000 0000 4000 0000 0000 0000 0000 0000 0000 0000
0000 0000 0000 0000 0000 0000 0008 0000 0000 0000 0000 0000 0000 0000 0000 FF5F
0000 0000 0000 0000 0000 0000 0000 0000 0000 0000 0000 0000 0000 0200 0002 0000
0000 0000 0040 0000 0000 0000 0000 0000 0000 0000 0000 0000 0000 0000 0200 0000
0000 0000 0000 0000 0000 0040 0100 0000 0000 0000 0000 0000 0000 0000 0000 0000
0000 0000 0000 0000 0000 0000 0000 0000 0000 0000 0000 0000 0000 0000 0000 0000
0000 0000 0000 0000 0000 8000 0000 0000 0000 0000 0000 8000 0000 0000 0000 0000
0000 0000 0000 0000 0000 0000 0000 0000 0000 0000 0000 0000 0000 0000 0000 0000
0000 0010 0000 0000 0000 0000 0000 0000 0000 0000 0000 0000 0000 0000 0000 0000
0000 0000 0000 0080 0000 0000 0000 0000 0000 0100 0000 0000 0000 0000 8000 0000
0000 0000 0000 0000 0000 0000 0000 0040 0000 0000 0000 0000 0000 0080 0000 0000
0080 0000 0000 0080 0000 0000 0000 0000 0000 0000 0000 0000 0000 0000 0000 0000
0000 0000 0000 0000 0000 0000 0000 0000 0000 0000 0000 0000 0000 0000 0000 0000
0000 0000 0000 0000 0000 0000 0000 0000 0000 0000 0000 0000 0000 0010 0010 0000
0000 0000 0000 0000 0000 0000 0000 0000 0000 0000 0000 0000 0000 0000 0000 0000
0000 0000 0000 0000 0000 0000 0000 0000 0000 0000 0000 0000 0000 0000 0000 0000
0000 0000 0000 0000 0000 0000 0000 0000 0000 0000 0000 0004 0000 0000 0100 0000
0000 0000 0000 0000 0000 0000 0000 0000 0000 0000 0000 0000 0000 0000 0000 DFFF
0000 0000 0000 0000 0000 0000 0000 0000 0000 0000 0000 0000 0020 0400 0000 0000
0000 0000 0000 0000 0000 0000 0000 0000 0000 0000 0000 0000 0000 0000 0000 0000
0000 0000 0000 0000 0000 0000 0000 0000 0000 0000 0000 8000 0000 0000 0000 0000
0000 0000 0000 0000 0000 0000 0000 0000 0000 0000 0000 0000 0000 0000 0000 0040
0000 0000 0000 0000 0000 0000 0000 0000 0000 0000 0000 0000 0000 0000 0000 0000
0000 0000 0000 0000 0000 0000 0000 0000 0000 8000 0000 0000 4000 0000 0000 0000
0000 0000 0000 0000 0000 0000 0000 0010 0000 0000 0000 0000 0000 0000 0000 0000
0000 0000 0000 0000 0000 0000 0000 0000 0000 0000 0000 0000 0000 0000 0000 0000
0000 0000 0000 0000 0000 0000 0000 0000 0000 0000 0000 0000 0000 0000 0000 0000
0200 0000 0000 0000 0000 0000 0000 0000 0000 0000 0000 0000 0000 0000 0000 0000
0000 0000 0000 0000 0000 0000 0000 0000 0800 0000 0000 0000 0000 0000 0008 0000
0000 0000 0000 0000 0000 0000 0000 0000 0000 0000 8000 0000 0000 0000 0000 0000
0000 0000 0000 0000 0000 0000 0000 8000 0000 0000 0000 8000 0000 0000 0000 0000
0000 0000 0000 0000 0000 0000 0000 0000 0000 0000 0000 0000 0000 0000 0000 0000
0000 0000 0000 0000 0000 0000 0000 0000 4000 0000 0000 0000 0000 0000 0000 0000
0000 2000 0000 0000 0000 0000 0000 0000 0000 4000 0000 0000 0000 0000 0000 BFFB
0000 0000 0000 0000 0000 0000 0000 0000 0000 0000 0000 0000 0000 0002 0000 0200
0000 0000 0000 0000 0000 0000 0000 0000 0000 0000 0000 0000 0000 0000 0200 0000
0000 0000 0000 0000 0080 0000 0000 0000 0000 0000 0000 0000 0000 4000 0000 0000
0000 0000 0000 0000 0000 1000 0000 0000 0000 0000 0002 1000 0000 0000 0000 0000
0000 0000 0000 0002 0000 0000 0000 0000 0000 0800 0000 0000 0001 0000 0000 0000
0000 1000 0000 0000 0000 0000 0000 0000 0000 0000 0000 0000 0000 0000 0000 0400
0000 0000 0000 0000 0000 0000 0000 0000 0000 0000 0000 0000 0200 0000 0000 0000
0000 0000 0000 0000 0000 0000 0000 0000 0000 0000 0000 0000 0000 0000 0000 0000
0000 0000 0000 0000 0000 0000 0000 0000 0000 0000 0000 0000 0000 4000 0004 0000
0000 0000 0000 0000 0000 0000 0000 0000 4000 0000 0000 0000 0000 2000 0000 0000
0000 0200 0000 0000 0000 0000 0001 0000 0000 0000 0000 0000 0000 0000 0000 0000
0000 0000 0000 0000 0000 0000 0000 0000 0000 0000 0000 0000 0000 0000 0000 0200
0000 0000 0000 0000 0000 0000 0000 0040 0000 0000 0000 0800 0000 0000 0000 0000
0000 0000 0000 0040 0000 0000 0000 0000 0000 0000 0000 0000 0002 0000 0000 0000
0001 0000 0000 0000 0000 0000 0000 0000 0000 0000 0000 0000 0000 0000 0000 0000
0000 0001 0000 0000 0000 0000 0000 0000 0000 0000 0000 0000 0000 0000 0000 DFDB
0000 0000 0000 0000 0000 0000 0000 0000 0000 0000 0000 0100 0000 0000 0000 0000
0000 0000 0000 0000 0000 0000 0000 0000 0000 0000 0000 0000 0000 0000 0000 0000
0000 0000 0000 0000 0000 0000 0000 0000 0000 0000 0000 0000 0200 0000 0000 0000
0000 0000 0000 0000 0000 0000 0000 0000 0000 0000 0000 0000 0000 0000 0000 0000
0000 0000 0000 0000 0000 0000 0000 0000 0000 0000 0000 0000 0000 0000 0000 0000
0000 0000 0000 0000 0000 0000 0000 0000 0000 0000 0008 0000 0000 0000 0100 0080
0000 0000 0000 0000 0000 0000 0000 0000 0000 0400 0000 0000 0000 0000 0000 0000
0000 0000 0000 0000 0000 0000 0000 0000 0000 0000 0000 0000 0800 0000 8000 0000
0000 0000 0000 0000 0000 0000 0000 0000 0000 0000 0000 0000 0000 0000 0000 0000
0000 0000 0000 0000 0000 0000 0080 0000 0000 0000 0000 0000 0000 0000 0000 8000
0000 0000 0000 0000 0000 0000 0000 0000 0000 0000 0000 0000 0000 0000 0000 0000
0000 0000 0000 2000 0000 0000 0000 0000 0000 0000 0000 0000 0000 0000 0000 0000
0000 0000 0000 0000 0000 0000 0000 1000 0000 0000 0000 0000 0000 0000 0400 0000
0000 0000 0000 0000 0000 0000 0000 0000 0000 0000 0000 0000 0000 0000 0000 0000
0040 0000 8000 0000 0000 8000 0000 0000 0002 1001 0000 0000 0000 0000 0000 0000
0000 0000 0000 0000 0000 0000 0000 0000 0000 0000 0000 0000 1000 0000 0000 FEFB
0000 0000 0000 0000 0000 0000 0000 0000 0000 0000 0000 0000 0000 0000 0000 0000
0000 0000 0000 0000 0000 0000 0000 0000 0000 0000 0000 0000 0000 0000 0000 0000
0000 0000 0000 0000 0000 0000 0000 0000 0000 0000 0000 0000 0000 0000 0000 0000
0000 0000 0000 0000 0000 0000 0100 0000 0000 0000 0000 0000 0000 0000 0000 0000
0000 0000 0000 0000 0000 0000 0000 0000 0000 0000 0000 0000 0000 0000 0000 0000
2000 0000 0000 0001 0000 0000 0000 0000 0000 0000 0000 0000 0000 0000 0000 0000
0000 0000 0000 0000 0000 0000 0000 0000 0000 0000 0000 0000 0000 0000 0000 0000
0000 0000 0000 0000 0000 0000 0000 0000 0000 0000 0000 0000 0000 0000 0000 0800
0000 0000 0000 0000 0200 0000 0000 0000 0000 0000 0000 0000 0080 0000 0200 0000
0000 0000 0000 0000 0000 0000 0000 0000 0000 4000 0000 0000 0000 0000 0000 0000
0000 0000 0000 0000 0000 0000 0000 0000 0000 0000 0000 0000 0000 0000 0000 0000
0000 0000 0000 0000 0000 0000 0000 2000 0000 0000 0000 0000 0000 0000 0000 0200
0000 0000 0000 0000 0001 0000 0000 0000 0000 0000 0000 0000 0000 0000 2000 0000
0000 0000 0000 1000 4000 0000 0000 0000 0000 0000 0000 0000 0000 0000 0000 0000
0000 0010 0000 0000 0000 0000 0000 0000 0000 0000 0000 0000 0000 0000 0000 0000
0000 0000 0000 0000 0000 0000 0000 0000 0000 0000 0000 0000 0000 0000 0000 B0FF
Physical Chip 6
0000 0000 0000 0000 0080 0000 0000 0000 0000 0000 0000 0000 0000 0000 0000 0000
0000 0000 0000 0000 1000 0002 0000 0020 0000 0000 0001 0000 0000 0000 0000 0000
0000 0000 0000 0200 0000 0000 0000 0000 0000 0000 0000 0000 4000 0000 0000 0000
0000 0000 0000 0000 0000 0000 0000 0000 0000 0000 0000 0000 0000 0000 0000 0000
0000 0000 0000 0000 0000 0000 0000 0000 0000 0000 0000 0000 0000 0000 0000 0000
0000 0000 0000 0000 0000 0000 0000 0000 0000 0000 0000 0000 0000 0000 0000 0000
0000 0000 0000 0000 0000 0000 0000 0000 0000 0000 8000 0000 0000 0000 0000 0000
0000 0000 0000 0000 0000 0000 0000 0000 0000 0000 0000 0000 0000 0000 0000 0000
0000 0400 0000 0000 0000 0000 0800 0000 0000 0000 0000 0000 0000 0000 0000 0000
0400 0000 0000 0000 0000 0000 0000 0800 0000 8000 0000 0000 0000 0000 0000 0000
0000 0000 0000 0000 0000 0000 0000 0000 0000 0000 0000 0000 0000 0000 0000 4000
0000 0000 0000 0000 0000 0000 0000 0000 0000 0000 0000 0000 0000 0000 0000 0000
0000 0000 1000 0000 0000 0000 8000 0020 0000 0000 0004 0000 0000 0000 0000 0000
0000 0000 0000 0000 0100 0000 0000 0000 0000 0000 0000 0000 0000 0000 0001 0000
0000 0000 0000 0000 0000 0000 0040 0000 0000 0000 0000 0000 0000 0000 0001 0000
0000 0000 0000 0080 0000 0000 0040 0020 0000 0000 0000 0000 0100 0000 0000 FEEF
0000 0000 0000 0000 4000 0000 0000 0000 0000 0000 0000 0000 0000 4000 0000 0000
0000 0000 0000 0000 0000 0000 0004 0000 0000 0804 0000 0000 0080 0400 0000 0000
0000 0000 0000 0000 0000 0000 0000 0000 0000 0080 0000 0000 0000 0040 0000 0000
0000 0000 0000 0000 0000 0000 0000 0000 0000 0000 0000 0000 0000 0000 0000 0000
0000 0000 0000 0000 0000 0000 0000 0000 0000 0000 0000 0000 0000 0000 0010 0000
0004 0000 0000 0000 1000 0000 0000 0000 0000 0000 0000 0000 0000 0000 0000 0000
0000 0000 0000 0000 0000 0000 0000 0000 0000 0000 0400 0020 0000 0000 0000 0000
0000 0000 0000 0000 0000 0000 0000 0000 0000 0000 0000 0000 0000 0000 0000 0000
0000 0000 0000 0000 0000 0000 0000 0000 0000 0000 0000 0000 0000 0000 0001 0000
0000 0000 0000 0000 0000 0000 0000 0000 0000 0000 0000 0000 0000 0010 0000 0000
0000 0000 0000 0000 0000 0080 0000 0000 0000 0000 0000 0000 0000 0000 0010 0000
0000 0000 0000 0000 0000 0000 0000 1000 0000 0000 0000 0000 0010 0000 0000 0000
0000 0000 8000 0000 0020 0000 0000 0000 0000 0000 0000 0000 0000 0000 0000 0000
0000 1000 0000 0000 0000 0000 0000 0000 0000 0000 0000 0000 0000 0000 0000 0000
0000 0000 0000 0000 0000 0000 0000 0000 0000 0000 0000 0000 0000 0000 0000 0200
0000 0000 0000 0000 0000 0400 0010 0000 0000 0000 0000 0000 0000 0000 0000 F7DC
0000 0000 0000 0000 8000 0000 0000 0000 0000 0000 0000 0000 0000 0000 0000 0000
0000 0000 0000 0000 0000 0000 0000 0000 0000 0000 0000 0000 0000 0000 0000 0040
0000 0000 0000 0000 0000 0000 0000 0000 0000 0000 0020 0000 0000 0020 0000 0000
0000 0000 0000 0000 0000 0000 0000 0000 0000 0000 0000 0000 0000 0000 0000 0000
0000 0000 0000 0000 0000 0000 0100 0000 0000 0000 0000 0000 0000 0000 0000 0000
0000 0000 0000 0000 0000 0000 0000 0000 0000 0000 0000 0000 0000 0000 0001 0000
0000 0000 0000 0000 0401 0000 0000 0000 0000 2000 0000 0000 0000 0000 0000 0000
0000 0000 0000 0000 0000 0000 0000 0000 0000 0000 0000 0000 0000 0010 0000 0200
0000 0040 0000 0000 0000 0040 0000 0000 0000 0000 0000 0000 0000 0000 0000 0000
0000 0000 0000 0000 0000 0000 0000 0000 0000 0000 0000 0000 0020 0000 0080 0000
0000 0000 0000 0000 0000 0000 0000 0000 0000 0000 0000 0000 0000 0000 0000 0000
0000 0000 0000 0000 0000 0000 0000 0000 0000 0000 0000 0000 0000 0000 0000 0000
0000 0000 0000 0000 0000 0000 0000 0000 0000 0000 0000 0000 0000 0000 0020 0000
0000 0000 0000 0000 0000 0000 0000 0000 0000 0000 0000 0000 0000 0000 0000 0000
0004 0000 0000 0000 0000 0000 0000 0001 0000 0008 0000 4000 0000 0000 0000 0080
0000 0000 0000 0000 0000 0000 0000 0000 0000 0000 0000 0000 0000 0000 0000 BFFF
0000 0000 0000 0008 0000 0000 0000 0000 0001 0000 0000 0000 0000 0000 0000 0000
0000 0000 0000 0000 0048 0000 0000 0000 0000 0000 0000 0000 0000 0000 0000 0000
0008 0000 0000 0000 4000 0000 0000 0000 0000 0000 0000 0000 0000 0000 0000 0000
0000 0000 0000 0000 0000 0000 0000 0000 8000 0000 0000 0000 0000 0010 0000 0000
0000 0000 0000 0000 0000 0000 0000 0000 0000 0000 0000 0000 0000 0000 0000 0000
0000 0000 0000 4000 0000 0000 0004 0000 0000 0000 0000 0000 0000 0000 0000 0000
1010 0000 0000 0000 0000 0000 0000 0000 0000 0000 0000 0000 0000 0000 0000 0001
1000 0000 0000 0000 0000 0000 0000 0000 0000 0000 0000 0000 0000 0000 0000 0000
0002 0000 0000 0000 0000 0000 0000 0000 0000 8000 0000 0000 0000 0400 0400 0000
0000 0000 0000 0000 0000 0004 0000 0000 0010 0000 0000 0000 0000 0000 0001 1000
0000 0000 0000 0000 0000 0000 0000 0000 0000 0000 2000 0000 0000 0000 0000 0800
0000 0000 0000 0000 0000 0000 0000 0000 0000 0000 0000 0000 0000 0000 0000 0000
0000 0000 0000 0000 0000 0000 0000 0000 0000 0100 0000 0000 0000 0000 0000 0000
0000 0000 0000 0000 0000 0000 0000 0000 0000 0000 0000 0000 0000 0000 0000 0000
0000 0000 0000 0000 0000 1000 0000 0000 0000 8001 0000 0000 4000 0000 0000 0400
0000 0000 0000 0000 0000 0000 0000 4000 0000 0000 0000 0000 0000 0040 0000 FFFF
0000 0000 0000 0000 0000 0000 0000 0000 0000 0000 0000 0000 0000 0000 0000 0100
0000 0000 0000 0000 0000 0000 0000 0000 0000 0000 0000 0000 0000 0000 2100 0000
0000 0000 0000 0000 0000 0000 0000 0000 0000 0000 0040 0000 0000 0000 0000 0008
0000 0000 0000 0000 0000 0000 0000 0000 0000 0000 0000 0000 0000 0000 0000 0000
0000 0100 0000 0000 0000 0000 0000 0000 0000 0000 0000 0000 0000 0000 0008 0000
0000 0000 0000 0000 0000 0000 0000 0000 0000 0000 0000 0000 0000 0010 0000 0000
0000 0000 0000 0000 0000 0000 0000 0000 0000 0000 0000 0000 0000 0000 0000 0000
0000 0000 0000 0000 0000 0000 0000 0000 0000 0000 0000 0000 0000 0000 0000 0000
2000 0000 0000 0000 0000 0000 0000 0000 0000 0000 0000 0000 0000 0000 1000 0000
0000 0000 0010 0000 0000 0000 0000 0000 0000 0000 0000 0000 0000 0000 0000 0000
0000 0000 0000 0000 0000 0000 0000 2000 0020 0000 0000 0000 0000 0000 0000 0000
0000 0000 0000 0000 0000 0000 0000 0000 0000 0000 2000 0000 0000 0000 0000 0000
0000 0000 0000 0000 0000 0000 0000 0000 0000 0000 0000 0000 0000 0000 0000 0000
0400 0000 0000 0000 0000 0000 0000 0000 0000 0000 0000 0000 0000 0000 0080 0000
0000 0000 0000 0000 0000 0000 0000 0000 0000 0000 0000 0000 0000 0000 8000 0000
0000 0000 0000 0000 0000 0000 0000 0000 0000 0000 0000 0000 0000 0000 0000 BFFF
0000 0000 0000 0000 0000 0000 0000 0000 0000 0000 0000 0000 0000 0000 0000 0000
0000 0000 0000 0000 0000 0000 0004 0000 0000 0000 0000 0000 0000 0000 0000 0000
0000 0000 8000 0000 0000 0000 0000 0000 0000 0000 0000 0000 0000 0000 0000 0000
0000 0000 0000 0000 0000 0000 0000 0000 0000 0000 0000 0080 0000 0000 0000 0004
0000 0000 0000 0000 0000 0000 0000 0000 0000 0000 0000 0000 0000 0000 0000 0000
0000 0000 0000 0000 0000 0000 0000 0000 0000 0000 0000 0000 0000 0000 0000 0000
0000 2000 0000 0000 0000 0000 0000 0000 0000 0000 0000 0000 0000 0000 0000 0000
0000 0000 0000 0000 0000 0000 0000 0000 0000 8000 0000 0000 0000 0000 0000 0000
0000 8000 0000 0000 0000 0000 0000 0000 0200 0000 0000 0000 0000 0000 0000 0000
0000 0000 0000 0000 0000 0000 0000 0000 0000 0000 0000 0000 0000 0000 0000 0000
0000 0000 0000 0000 0000 0000 0000 0000 0000 0000 0800 0000 0000 0000 0000 0000
0000 0000 0000 0000 0000 0000 0000 0000 0000 0000 0000 0000 0000 0000 0000 0000
0000 0000 0000 0000 0000 0000 0000 0000 0000 0000 0000 0000 0200 0000 0000 0000
8000 0000 0000 0000 0000 0000 0000 0000 0000 0000 0000 0000 0400 0000 0000 0000
0000 0000 8000 0800 0000 0000 0000 0000 0000 0000 0000 0000 0000 0000 0000 0000
0000 0800 0000 0000 0000 0000 0000 0000 0000 0000 0000 0000 0000 0000 0000 EAEF
0000 0000 0000 0000 0000 0000 0000 0000 0000 0000 0000 0000 0000 0000 0000 0000
0000 0000 0000 0000 0001 0000 0100 0000 0000 0000 0001 0000 0000 0000 0000 0000
0000 0000 0000 0001 0000 0010 0000 0000 0000 0000 0000 0000 8000 0000 0000 0000
0000 0000 0000 0000 0000 0000 0000 0200 0000 0000 0000 0000 0000 0000 0000 0000
0000 0000 0000 0000 0000 0000 0000 0000 0000 0000 0000 0000 0000 0000 0000 0000
0000 0002 0000 0000 0000 0000 0200 0000 0000 0000 0000 0000 0400 0000 0000 0000
0000 0000 0000 0004 0000 0000 0000 0000 0000 0000 0000 0000 0000 0000 0000 0000
0000 0000 0000 0000 0000 0000 0000 0000 0000 0000 0000 0000 0000 0000 0000 0000
0000 0000 0000 0000 0000 0000 4000 0000 0000 0800 0000 0000 0000 0000 0000 0000
0000 0000 0000 0000 0200 0000 0000 0000 0000 0040 0000 0000 0000 0000 0000 0000
0000 2000 0000 0000 0000 0000 0000 0000 0000 0000 0040 0000 0000 0000 0000 0000
0000 0000 0000 0000 0000 0000 0000 0000 0000 0000 0000 0000 0000 0000 0000 0000
0000 0000 0000 0000 0000 0000 0001 0000 0000 0001 0000 0000 0000 0020 0000 0000
0000 0000 0000 0000 0000 0000 0000 0000 0000 0000 0000 0000 0000 0000 0000 0000
0000 0004 0000 0002 0000 0000 0000 0000 0000 0000 0000 0000 0000 0000 0000 0000
0000 0000 0000 0000 0000 0000 0000 0080 0000 0000 0000 0000 0000 0000 0000 F3DF
0000 0000 0000 0000 0000 0000 0000 0000 0000 0000 0000 0000 0000 0000 0000 0000
0000 0000 0000 0000 0000 0000 0000 0000 0000 2000 0000 0000 0000 0000 0000 0000
0000 0000 0000 0000 0000 0000 0000 0000 0000 0000 0000 0000 0000 0000 0000 0000
0000 0000 0000 0000 0000 0000 0000 0000 0002 0000 2000 0000 0000 0000 0000 0000
0000 0000 0000 0000 0000 0000 0000 0000 0000 0000 0000 0000 0000 0000 0000 0000
1000 0208 0000 0000 0080 0000 0000 0000 0008 0000 0000 0000 0000 0000 0000 0000
0000 0080 0000 0000 0000 0000 0000 0100 0000 0000 1000 0000 0000 0000 0000 0000
0000 0000 0000 0000 0000 0000 0000 0000 0000 0000 0000 0000 0000 0000 0000 0000
0000 0000 0000 0000 0000 0000 0000 0000 0000 0000 0000 0000 0000 0000 0000 0000
0000 0000 0000 0000 0000 0001 0000 0000 0004 0000 0000 0002 0000 0000 0000 0000
0000 0000 0000 0000 0000 0000 0000 0000 0000 0000 0000 0000 0000 0000 0000 9000
0000 0000 0000 0000 0000 0000 0000 0000 0000 0000 0000 0000 0000 0000 0000 0000
0000 0000 0000 0000 0000 0000 0000 0000 0000 0000 0020 0000 0000 0000 0000 0000
0000 0000 0000 0000 0000 0000 0000 0000 0000 0000 0000 0000 0000 0000 0000 0000
0000 0000 0000 0000 0000 0000 0000 0000 0000 0000 0000 0000 0000 0000 0000 0000
0000 0000 0000 0000 0000 0000 0800 0000 0000 0000 0000 0000 0000 0000 0000 78FE
Physical Chip 7
FFFF FFFF FFFF FFFF FFFF FFFF FFFF FFFF FFFF FFFF FFFF FFFF FFFF FFFF FFFF FFFF
FFFF FFFF FFFF FFFF FFFF FFFF FFFF FFFF FFFF FFFF FFFF FFFF FFFF FFFF FFFF FFFF
FFFF FFFF FFFF FFFF FFFF FFFF FFFF FFFF FFFF FFFF FFFF FFFF FFFF FFFF FFFF FFFF
FFFF FFFF FFFF FFFF FFFF FFFF FFFF FFFF FFFF FFFF FFFF FFFF FFFF FFFF FFFF FFFF
FFFF FFFF FFFF FFFF FFFF FFFF FFFF FFFF FFFF FFFF FFFF FFFF FFFF FFFF FFFF FFFF
FFFF FFFF FFFF FFFF FFFF FFFF FFFF FFFF FFFF FFFF FFFF FFFF FFFF FFFF FFFF FFFF
FFFF FFFF FFFF FFFF FFFF FFFF FFFF FFFF FFFF FFFF EFFF FFFF FFFF FFFF FFFF FFFF
FEFF FFFF FBFF FFFF FFFF FFFF FFFF FFFF FFFF FFFF FFFF FFFF FFFF FFFF FFFF FFFF
FFFF FFFF FFFF FFFF FFFF FFFF FFFF FFFF FFFF FFFF FFFF FFFF FFFF FFFF FFFF FFFF
FFFF FFFF FFFF FFFF FFFF FFFF FFFD FFFF FFFF FFFF FFFF FFFF FFFF FFFF FFFD FFFF
FFFF FFFF FFFF FFFF FFFF FFFF FFFF FFFF FFFF FFFF FFFF FFFF FFDF EFFF FFFF FFFF
FFFF FFFF FFFF FFFF FFFF FFFF FFFF FFFF FFFF FFFF FFFF FFFF FFFF FFFF FFFF FFFF
FFFF FFFF FFFF FFFF FFFF FFFF FFFF FFFF FFFF DFFF FFFF FFFF FFFF FFFF FFFF FFFF
FFFF FFFF FFFF FFFF FFFF FFFF FFFF FFFF FFFF FFFF FFFF FFFF FFBF FFFF FDFF FFFF
FFFF FFFF FFFF FFFF F7FF FFFF FFFF FFFF FFFF FFFF FFFF FFFF FFFF FFFF FFFF DFFF
FFFF FFFF FFFF FFFF FFFF FFFF FFFF FFFF FFFF FFFF FFFF FFFF FFFF FFFF FFFF FFFF
FFFF FFFF FFFF FFFF FFFF FFFF FFFF FFFF FFFF FFFF FFFF FFFF FFFF FFFF FFFF FFFF
FFFF FFFF FFFF FFFF FFFF FFFF FFFF FFFF FFFF FFFF FFFF FFFF FFFF FFFF FFFF FFFF
FFFF FFFF FFFF FFFF FFFF FFFF FFFF FFFF FFFF FFFF FFFF FFFF FFFF FFFF FFFF FFFF
FFFF FFFF FFFF FFFF FFFF FFFF FFFF FFFF FFFF FFFF FFFF FFFF F7FF FFFF FFFF FFFF
FFFF FFFF FFFF F7FF FFFF FFFF FFFF FFFF FFFF FFF7 FFFF FFFF FFFF FFFF FFFF FFFF
FFFF FFFF FFFF FFFF FFFF FFFF FFFB FFFF FFFF FFFF FFFF FFFF FFFF FFFF FFFF FFFF
FFFF FFFF FFFF FFFF FFFF FFFF FFFF FFFF FFFF FFFF FFFF FFFF FFFF FFFF FFFF FFFF
FFFF FFFF FFFF FFFF FFFF FFFF FFFF FFFF FFFF FFFF FFFF FFFF FFFF FFFF FFFF FFFF
FFFF FFFF FFFF FFFF FFFF FFFF DFFF FFFF FFFF FFFF FFFF FFFF FFFF FFFF FFFF FFFF
FFFF FFFF FFFF FFFF FFFF FFFF FFFF FFFF FFFF FFFF FFFF FFFF FFFF FFFF FFFF FFFF
FFFF FFFF FFFF FFFF FFFF FFFF FFFF FFFF FFFF FFFF FFFF FFFF FFFF FFFF FFFF FFFF
FFFF FFFF FFFF FFFF FFFF FFFF FFFF FFFF FFFF FFFF FFFF FFFF FFFF FFFF FFFF FFFF
FFFF FFFF FFFF FFFF FFFF FFFF FFFF FFFF FFFF FFFF FFFF FFFF FFFF FFFF FFFF FFFF
FFFE FFFF FFFF FFFF FFFF FFFF FFFF FFFF FFFF FFFF FFFF FFFF FFFF FFFF FFFF FFFF
FFFF FFFF FFFF FFFF FFFF FFFF FFFF FFFF FFFF FFFF FFFF FFFF FFFF FFFF BFFF FFFF
FFFF FFFF FFFF FFFF FFFF FFFD FFFF FFFF FFFF FFFF FFFF FFFF FFFF FFFF FFFF FFFF
FFFF FFFF FFFF FFFF FFFF FFFF FFFF FFFF FFFF FFFF FFFF FFFF FFFF FFFF FFFF FFFF
FFFF FFFF FFFF FFFF FFFF FFFF FFFF FFFF FFFF FFFF FFFF FFFF FFFF FFFF FFFF FFFF
FFFF FFFF FFFF FFFF FFFF FFFF FFFF FFFF FFFF FFFF FFFF FFFF FFFF EFFF FFFF FFFF
FFFF FFFF FFFF FFFF FFFF FFFF FFFF FFFF FFFF FFFF FFFF FFFF FFDF FFFF FFFF FFFF
FFFF FFFF FDFF FFFF FFFF FFFF FFFF FFFF FFFF FFFF FFFF FFFF FFFF FFFF FBFF FFFF
FFFF FFFF FFFF FFFF FFFF FFFF FFFF FFFF FFFF FFFF FFFF FFFF FFFF FFFF FFFF FFFF
FFFF FFFF FFFF FFFF FFFF FFFF FFFF FFFF FFFF FFFF FFFF FFFF FFFF FFFF FFFF FFFF
FFFF FFFF FFFF FFFF FFFF FFFF FFFF FFBF FFFF FFFF FFBF FFFF FFFF FFFF FFFF FFFF
FFFF FFFF FFFF FFFF FFFF FFFF FFFF FFFF FFFF FFFF FFFF FFFF FFFF FFFF FFFF FFFF
FFFF FFFF FFFF FFFF FFFF FFFF FFFF FFFF FFFF FFFF FFFF FFFF FFFF FFFF FFFF FFFF
FFFF FFFF FFFF FFFF FFFF FFFF FFFF FFFF FFFF FFFF FFFF FFFF FFFF FFFF FFFF FFFF
FFFF FFFF FFFF FFFF FFFF FFFF FFFF FFFF FFFF FFFF FDFF FFFF FFFF FFFF FFFF FFFF
FFFF FFFF FFFF FFFF FFFF FFDF FFFF FFBF FFFF FFFF FFFF FFFF FFFF FFFF FFFF FFFF
FFFF FFFF FFFF FFFF FFFF FFFF FFFF FFFF FFFF FFFF FFFF FFFF FFFF FFFF FFFF FFFF
FFFF FFFF FDFF FFFF FFFF FFFF FFFF FFFF FFFF FFFF FFFF FFFF FFFF FFFF FFFF FFFF
FFFF FFFF FFFF FFFF FFFF FFFF FFFF FFFF FFFF FFFF FFFF FFFF FFFF FFFF FFFF FFFF
FFFF FFFF FFFF FFFF FFFF FFFF FFFF FFFF FFFF FFFF FFFF FFFF FFFF FFFF FFFF FFFF
FFFF FFFF FFFF FFFF FFFF FFFF FFFF FFFF FFFF FFFF FFFF FFFF FFFF FFFF FFFF FFFF
FFFF FFFF FFFF FFFF FFFF FFFF FFFF FFFF FFFF FFFE FFFF FFFF FFFF FFFF FFFF FFFF
FFFF FFFF FFFF FFFF FFFF FFFF FFFF FFFF FFFF FFFF FFFF FFFF FFFF FFFF FFFF FFFF
FFFF FFFF FFFF FFFF FFFF FFFF FFFF FFFF FFFF FFFF FFFF BFFF FFFF FFFF FFFF FFFF
FFFF FFFF FFFF FFFF FFFF FFFF FFFF FFFF FFFF FFFF FFFF FFFF FFFF 7FFF FFFF FFFF
FFFF FFFF FFFF FFFF FF7F FFFF FFFF FFFF FFFF FFFF FFFF FFFF FFFF FFFF FFFF FFFF
FFFF FFFF FFFF FFFF FFFF FFFF FFFF FFFF FFFF FFFF FFFF FFFF FFFF FFFF FFFF FFFF
FFFF FFFF FFFF FFFF FFFF FFFF FFFF FFFF FFFF FFFF FFDF FFFF FFFF FFFF FFFF FFFF
FFFF FFFF FFFF FFFF FFFF FFFF FFFF EFFF FFFF FFFF FFFF FFFF FFFF FFFF FFFF FFFF
FFBF FFFF FFFF FFFF FFFF FFFF FFFF FFFF FFFF FFFF FFFF FFFF FFFF FFFF FFFF DFFF
FFFF FFFF FFFF FFFF FFFF FFFF FFFF FFBF FFFF FFFF FFFF FFFF FFFF FFFF FFFF FFFF
FFFF FFFF FFFF FFFF FFFF FFFF FFFF FFFF FFFF FFFF FFFF FFFF FFFF FFFF FFFF FFFF
FFFF FFFF FFFF FFFF FFFF FFFF FFFF FFFF FFFF FFFF FFFF FFFF FFFF FFFF FFFF FFFF
FFFF FFFF FFFF FFFF FFFF FFFF FFFF FFFF FFFF FFFF FFFF FFFF FFFF FFFF FFFF FFFF
FFFF FFFF FFFF FFFF FFFF FFFF FFFF FFFF FFFF FFFF FFFF FFFF FFFF FFFF FFFF FFFF
FFFF FFFF FFFF FFFF FFFF FFFF FFFF FFFF FFFF FFFF FFFF FFFF FFFF FFFF FFFF FFFF
FFFF FFFF FFFF FFFF FFFF FFFF FFFF FFFF FFFF FFFF FFFF FFFF FFFF FFFF FFFF FFFF
FFFF FFFF FFFF FFFF FFFF FFFF FFFF FFFF FFFF FFFF FFFF FFFF FFFF FFFF FFFF FFFF
FFFF FFFF FFFF FFFF FFFF FFFF FFFF FFFF FFFF FFFF FFFF FFFF FFFF FFFF FFFF FFFF
FFFD FFFF FFFF FFFF FFFF FFFF FFFF FFFF FFFF FFFF FFFF FFFF FFFF FFFF FFFF FFFF
FFFF FFFF FFFF FFFF FFFF FFFF FFFF FFFF FFFF FFFF FFFF FFFF FFFF FFFF FFFF FFFF
FFFF FFFF FFFF FFFF 7FFF FFFF FFFF FFFF FFFF FFFF FFFF FFFF FFFF FFFF FFFF FFFF
FFFF FFFF FFFF FFFF FFFF FFFF FFFF FFFF FFFF FFFF FFFF FFFF FFFF FFFF FFFF FFFF
FFFF FFFF FFFF FFFF FFFF FFFF FFFF FFFF FFFF FFFF FFFF FFFF FFFF FFFF FFFF FFFF
FFFF FFFF FFFF FFFF FFFF FFFF FFFF FFFF FFFF FFFF FFFF FFFF FFFF FFFF FFFF FFFF
FFFF FFFF FFFF FFFF FFFF FFFF FFFF FFFF FFFF FFFF FFFF FFFF FFFF FFFF FFFF FFFF
FFFF FFFF FFFF FF7F FFFF FFFF FFFF FFFF FFFF FFFF FFFF FFFF FFFF FFFF FFFF FFFF
FFFF FFFF FFFF FFFF FFFF FFFF FFFF FFFF FFFF FFFF FFFF FFFF FFFF FFFF FFFF FFFF
FFFF FFFF FFFF FFFF FFFF FFFF FFFF FFFF FFFF FFFF FFFF FFFF FFFF FFFF FFFF FFFF
FFFF FFFF FFFF FFFF FFFF FFFF FFFF FFFF FFFF FFFF FFFF FFFF FFFF FFFF FFFF FFFF
FFFF FFFF FFFF FFFF FFFF FFFF FFFF FFFF FFFF FFFF FFFF FFFF FFFF FFFF FFFF FFFF
FFFF FFFF F7FF FFFF FFFF FFFF FFFF FFFF FFFF FFFF FFFF FFFF FFFF FFFF FFFF FFFF
FFFF FFFF FFFF FFFF FFFF FFFF FFFF FFFF FFFF FFFF FFFF FFFF FFFF FFFF FFFF FFFF
FFFF FFFF FFFF FFFF FFFF FFFF FFBF FFFF FFFF FFFF FFFF FFFF FFFF FFFF FFFF FFFF
FFFF FFFF FFFF FFFF FFFF FFFF FFFF FFFF FFFF FFFF FFFF FFFF FFFF FFFF FFFF FFFF
FFFF FFFF FFFF FFFF FFFF FFFF FFFF FFFF FFFF FFFF FFFF FFFF FFFF FFFF FFFF FFFF
FFFF FFFF FFFF FFFF FFFF FFFF FFFF FFFF FFFF FFFF FFFF FFFF FFFF FFFF FFFF FFFF
FFFF FFFF FFFF FFFF FFFF FFFF FFFF FFFF FFFF FFFE FFFF FEFF EFFF FFFF FFFF FFFF
FFFF FFFF FFFF FFFF FFFF FFFF FFFF FFFF FFFF FFFF FFFF FFFF FFFF FFFF FFFF FFFF
FFFF FFFF FFFF FFFF FFFF FFFF FFFF FFFF FFFF FFFF FFFF FFFF FFFF FFFF FFFF FFFF
FFFF FFFF FFFF FFFF FFFF FFFF FFFF FFFF FFFF FFFF FFFF FFFF FFFF FFFF FFFF FFFF
FFFF FFFF FFFF FFFF FFFF FFFF FFFF FFFF FFFF F7FF FFFF FFFF FFFF FFFF FFFB FFFF
FFFF FFFF FFFF FFFF FFFF FFFF FFFF FFFF FFFF FFFD FFFF FFFF FFFF FFFF FFFF FFFF
FFFF FFFF FFFF FFFF FFFF FFFF FFFF FFFF FFFF FFFF FFFF FFFF FFFF FFFF FFFF FFFF
FFFF FFFF FFFF FFFF FFFF FFFF FFFF FFFF FFFF FFFF FFFF DFFF FFFF FFFF FFFF FFFF
FFFF FFFF FFFF FFFF FFFF FFFF FFFF FFFF FFFF FFFF FFFF FFFF FFFF FFFF FFFF FFFF
FFFF FFFF FFFF FFFF FFFF FFFF FFFF FFFF FFFF FFFF FFFF FFFF FFFF FFFF FFFF FFFF
FFFF FFFF FFFF FFFF FFFF FFFF FFFF FFFF FFFF FFFF FFFF FFFF FFFF FFFF FFFF FFFF
FFFF FFFF FFFF FFFF FFFF FFFF FFFF FFFF FFFF FFFF FFFF FFFF FFFF FFFF FFFF FFFF
FFFF FFFF FFFF FFFF FFFF FFFF FFFF FFFF FFFF FFFF FFFF FFFF FFFF FFFF FFFF FFFF
FFFF FFFF FFFF FFFF FFFF FFFF FFFF FFFF FFFF FFFF FFFF FFFF FFFF FFFF FFFF FFFF
FFFF FFFF FFFF FFFF FFFF FFFF FFFF FFFF FFFF FFFF FFFF FFFF FFFF FFFF FFFF FFFF
FFFF FFFF FFFF FFFF FFFF FFFF FFFF FFFF FFFF FFFF FFFF FFFF FFFF FFFF FFFF FFFF
FFFF FFFF FFFF FFFF FFFF FFFF FFFF FFFF FFFF FFFF FFFF FFFF FFFF FFFF FFFF FFFF
FFFF FFFF FFFF FFFF FFFF FFFF FFFF FFFF FFFF FFFF FFFF FFFF FFFF FFFF FFFF FFFF
FFFF FFFF FFFF FFFF FFFF FFFF FFFF FFFF FFFF FFFF FFFF FFFF FFFF FFFF FFFF FFFF
FFFF FFFF FFFF FFFF FFFF FFFF FFFF FFFF FFFF FFFF FFFF FFFF FFFF FFFF FFFF FFFF
FFFF FFFF FFFF DFFF FFFF FFFF FFFF FFFF FFFF FFFF FFFF FFFF FFFF FFFF FFFF FFFF
FFFF FFFF FFFF FFFF FFFF FFFF FFFF FFFF FFFF FFFF FBFF FFFF FFFF FFFF FFFF FFFF
FFFF FFFF FFFF FFFF FFFF FFFF DFFF FFFF FFFF FFFF FFFF FFFF FFFF FFFF FFFF FFFF
FFFF FFFF FFFF FFFF FFFF FFFF FFFF FFFF FFFF FFFF FFFF FFFF FFFF FFFF FFFF FFFF
FFFF FFFF FFFF FFFF FFFF FFFF FFFF FFFF FFFF FFFF FFFF FFFF FFFF FFFF FFDF FFFF
FFFF FFFF FFFF FFFF FFFF FFFF FFFF FFFF FFFF FFFF FFFF FFFF FFFF FFFF FFFF FFFF
FFFF FFFF FFFF FFFF FFFF FFFF FFFF FFFF FFFF FFFF FFFF FFFF FFFF FFFF FFFF FFFF
FFFF FFFF FFFF FFFF FFFF FFFF FFFF FFFF FFFF FFFF FFFF FFFF FFFF FFFF FFFF FFFF
FFFF FFFF FFFF FFFF FFFF FFFF FFFF FFFF FFFF FFFF FFFF FFFF FFFF FFFF FFFF FFFF
FFFF FFFF FFFF FFFF FFFF FFFF FFFF FFFF FFFF FFFF FFFF FFFF FFFF FFFF FFFF FFFF
FFFF FFFF FFFF FFFF FFFF FFFF FFFF FFFF FFFF FFFF FFFF FFFF FFFF FFFF FFFF EFFF
FFFF FFFF FFFF FFFF FFFF FFFF FFFF FFFF FFFF FFFF FFFF FFFF FFFF FFFF FFFF FFFF
FFFF FFFF FFFF FFFB FFFF FFFF FFFF FFFF FFFF FFFF FFFF FFFF FFFF FFFF FFFF FFFF
FFFF FFFF FFFF FFFF FFFF FFFF FFFF FFFF FFFD FFFF FFFF FFFF FFFF FFFF FFFF FFFF
FFFF FFFF FFFF FFFF FFFF FFFF FFFF FFFF FFFF FFFF FFFF FFFF FFFF FFFF FFFF FFFF
FFFF FFFF FFDF FFFF FFFF FFFF FFFF FFFF FFFF FFFF FFFF FFFF FFFF FFFF FFFF FFFF
FFFF FFFF FFFF FFFF FFFF FFFF FFFF FFFF FFFF FFFF FFFF FFFF FFFF FFFF FFFF FFFF
FFFF FFFF FFFF FFFF FFFF FFFF FFFF FFFF FFFF FFFF FFFF FFFF FFFF FFFF FFFF FFFF
FFFF FFFF FFFF FBFF FFFF FFFF FFFF FFFF FFFF FFFF FFFF FFFF FFFF FFFF FFFF FFFF
FFFF FFFF FFFF FFFF FFFF DFFF FFFF FFFF FFFF FFFF FEFF FFFF FFFF FFFF FFFF FFFF
FFFF FFFF FFFF FFFF FFFF FFFF FFFF FFFF FFFF FFFF FFFF FFFF FFFF FFFF FFFF FFFF
FFFF FFFF FFFF FFFF FFFF FFFF FFFF FFFF FFFF FFFF FFFF FFFF FFFF FFFF FFFF FFFF
