Physical Chip 0
1004 0C10 0C19 0200 0910 0808 0302 1802 0501 0500 0808 0002 0C14 0204 0700 0012
1202 0801 061C 100C 0810 0008 1108 1908 0514 0D00 1C10 1C00 0108 0C14 0520 2C10
0439 0600 0206 2003 1001 0006 0F01 0918 0206 0408 2500 0900 0601 0406 0102 0000
0402 1404 280C 0D08 0510 0F08 0804 0410 0008 0E40 0011 0510 2800 102A 4574 0000
0000 0000 0000 0000 0000 0000 0000 0000 0000 0000 0000 0000 0000 0000 0000 0000
0000 0000 0000 0000 0000 0000 0000 0000 0000 0000 0000 0000 0000 0000 0000 0000
0000 0000 0000 0000 0000 0000 0000 0000 0000 0000 0000 0000 0000 0000 0000 0000
0000 0000 0000 0000 0000 0000 0000 0000 0000 0000 0000 0000 0000 0000 0000 0000
0000 0000 0000 0000 0000 0000 0000 0000 0000 0000 0000 0000 0000 0000 0000 0000
0000 0000 0000 0000 0000 0000 0000 0000 0000 0000 0000 0000 0000 0000 0000 0000
0000 0000 0000 0000 0000 0000 4000 0000 0000 0000 0000 0000 0000 0000 0000 0000
0000 0000 0000 0000 0000 0000 0000 0000 0000 0000 0000 0000 0000 0000 0000 0000
0000 0000 0000 0000 0000 0000 0000 0000 0000 0000 0000 0000 0000 0000 0000 0000
0000 0000 0000 0000 0000 0000 0000 0000 0000 0000 0000 0000 0000 0000 0000 0000
0000 0000 0000 0000 0000 0000 0000 0000 0000 0000 0000 0000 0000 0000 0000 0000
0000 0000 0000 0000 0000 0000 0000 0000 0000 0000 0000 0000 0000 0000 0000 0000
0000 3408 4010 0000 0008 0500 6000 0000 0120 1213 4010 8000 0250 0200 0A00 0808
0A00 2000 4109 1000 8820 0040 0120 0008 000A 0005 0001 0020 0100 19C0 2401 0088
0081 0011 A080 0000 000B 0081 0420 1401 0888 0000 0418 0002 0108 0410 0080 1214
0010 2012 0004 0000 0002 0004 0045 0105 0800 0365 0800 0000 1000 0010 1002 0000
1000 0000 0A00 8020 2018 4000 0000 0001 2000 0500 0000 2084 0008 0060 2200 0000
9183 0000 0020 0900 0400 0800 0081 0043 0800 8000 0000 0000 1801 0180 0000 4842
0000 0000 0002 0004 0422 0884 0000 0210 0000 0010 0020 0000 0088 0000 4000 0014
3000 0000 0008 0000 D014 0000 0000 22C9 8400 0000 4000 0420 0042 0048 0000 2080
0430 10A0 0041 0000 2880 0800 0001 0580 4101 0000 848C 0100 2083 0400 0200 4109
0000 0040 01A0 0602 40C1 0010 0830 0004 0108 0040 0A02 0110 1000 0012 A100 9280
8200 0202 0000 0000 00A0 0010 022C 2000 0803 0400 0000 0494 4000 0000 4002 0101
0803 000C 2000 0000 0000 1000 0040 0000 012A 4004 A001 0000 B000 0401 8A01 2000
8101 0090 0011 0201 0008 0010 0222 0030 0209 0C01 0240 2810 0708 9040 8800 0000
0104 0005 0800 0000 9000 0411 40C0 2000 8000 0402 0242 0848 004C 0400 0420 0201
0008 0000 04C4 2880 0400 0000 2858 0000 0000 0400 0100 0080 0440 00A9 6088 0800
8020 0002 0002 4300 000A 4400 0040 00A0 8410 5082 0880 500D 2010 0120 0610 0006
0000 0000 0000 0000 0000 0000 0000 0000 0000 0000 0000 0000 0000 0000 0000 0000
0000 0000 0000 0000 0000 0000 0000 0000 0000 0000 0000 0000 0000 0000 0000 0000
0000 0000 0000 0000 0000 0000 0000 0000 0000 0000 0000 0004 0000 0001 0000 0000
0001 0000 0000 0000 0000 0100 0003 0000 0000 0000 0000 0000 0800 0808 0000 0100
0000 0000 0000 0400 0000 0000 0000 0000 0000 0000 0004 0000 0000 0000 0000 0000
0400 0000 0000 0000 0000 0001 0000 0000 0001 0000 0000 0200 0004 0000 0000 0000
0000 0100 0000 0000 0100 0000 0000 0C00 0000 0001 0100 0000 0200 0001 0104 0000
0000 0000 0000 0100 0002 0000 0000 0000 0000 0000 0000 0000 0000 0000 0000 0000
0002 0000 0008 0000 0008 0000 0202 0000 0000 0000 0000 0000 0008 0400 0000 0000
0004 0000 0400 0000 0000 0000 0000 0000 0000 0000 0000 0000 0000 0000 0000 0000
0000 0000 0000 0000 0000 0000 0080 0000 0000 0600 0000 0000 0000 0000 0000 0000
0000 0000 0000 0000 0000 0000 0000 0000 0000 0201 0000 0000 0100 0003 0000 0400
0003 0000 0800 0400 0000 0000 0000 0000 0000 0000 0000 0000 0000 0000 0000 0009
0000 0000 0000 0000 0200 0000 0000 0100 0000 0400 0000 0000 0000 0000 0000 0000
0000 0000 0000 0000 0003 0000 0200 0000 0000 0004 0000 0000 0000 0000 0000 0000
0000 0000 0002 0000 0208 0001 0004 0000 0100 0000 0000 0800 0000 0100 0000 0000
0080 05D2 0B21 0DC0 0960 20A2 0110 01CA 8148 8530 0000 0000 0000 0000 0000 0000
0000 0000 0100 0000 0000 0220 0000 0000 0000 0000 0000 0000 0200 0000 0000 0000
0000 0000 0000 0040 0000 0000 0000 0000 0000 0000 0000 0000 0000 0000 0000 0000
0000 0000 0000 0000 0000 0800 0000 0000 0000 0000 0000 0000 0000 0000 0000 0000
0000 0000 0000 0800 0000 0020 0040 8000 0000 0080 0000 0000 0000 0000 0000 0000
0000 0000 0000 0000 0000 0000 0000 0000 0000 0000 0000 0000 0000 0000 0000 0000
0000 0000 0040 0000 0810 0000 0000 1200 0000 0000 0000 0000 0000 0000 0000 0000
0200 00A0 0000 4004 0000 0080 0000 0400 4000 00C0 0000 0000 0000 0000 0000 0000
0000 0000 0000 0040 0000 0000 0000 0000 0000 0000 0000 0000 0000 0000 0000 0000
0000 0000 0000 0000 0000 0000 0000 0000 0000 0000 0000 0000 0000 0000 0000 0000
0000 0000 0000 0000 0000 0000 0000 0000 0000 0000 0000 0000 0000 0000 0000 0000
0000 0000 0000 0000 0000 0000 0000 0000 0000 0000 0000 0000 0000 0000 0000 0000
0000 0000 0000 0000 0000 0000 0000 0000 0000 0000 0000 0000 0000 0000 0000 0000
0000 0000 0000 0000 0000 0000 0000 0000 0000 0000 0000 0000 0000 0000 0000 0000
0000 0000 0000 0000 0000 0000 0000 0000 0000 0000 0000 0000 0000 0000 0000 0000
0000 0000 0000 0000 0000 0000 0000 0000 0000 0000 0000 0000 0000 0000 0000 0000
0000 0000 0000 0000 0000 0000 0000 4000 0010 0000 0000 0000 0000 0000 0000 4000
0000 0000 0000 0001 0000 0000 0000 0800 0000 0000 0000 0000 1000 0000 0000 0000
0200 0000 0000 0000 0020 4000 0000 0000 0000 2000 0004 0000 2000 1000 0000 0000
0000 0000 0000 0000 0000 0000 0000 0000 0000 0000 0000 0000 0200 0000 0000 0000
0000 0000 0000 0000 0000 0000 0020 0000 0800 0000 0000 0000 0040 0000 0000 0000
0000 0000 0000 0000 0800 0000 0000 0000 0000 0000 0000 0008 0000 0000 0000 0000
0000 0000 0000 0000 0000 0000 0000 0020 0000 2000 0000 0000 0000 0000 0002 0000
0000 0000 0000 0000 0000 2001 0000 0000 0000 0000 0000 0000 0000 0002 0000 0000
0000 0000 0000 0000 0000 0000 0000 0000 0000 0000 0000 0000 0000 0000 0000 0000
0000 0000 0000 0000 0000 0002 0000 0000 0000 0000 0000 0000 0000 0000 0000 0000
0000 0000 0000 0000 0000 0000 0000 0000 8000 0000 0000 0000 0000 0000 0000 0000
0000 0000 0000 0000 0000 0000 0000 0000 0000 0000 0000 0000 0000 0000 0000 0000
0000 0040 0000 0000 0000 0000 0000 0000 0000 0000 0000 0001 0000 0000 0000 0000
0000 1000 0000 0000 0000 0000 0000 0000 0000 0000 0000 0000 0000 0000 0000 0000
0000 0000 0000 0000 0000 0000 0000 0000 0000 0000 0000 0000 0000 0000 0000 0000
0000 0000 0000 0000 0000 0800 0000 0000 0000 0000 0000 0000 0000 0000 0000 0000
0000 0000 0000 0000 0000 0000 0000 0000 0000 0000 0000 0000 0000 0000 0000 0000
0000 0000 0000 0000 0000 0000 0000 0000 0000 0000 0002 0000 0000 0000 0000 0000
0000 0000 0000 0000 0000 0000 0000 0000 0400 0000 0000 0000 0000 0000 0000 0000
0000 0000 0000 0000 0000 0000 0000 0000 0000 0000 0000 0000 0000 0000 0000 0000
0000 0000 0000 0000 0000 0000 0000 0000 0000 0000 0000 0000 0000 0000 0000 0000
0000 0000 0000 0000 0000 0000 0000 0000 0000 0000 0000 0000 0000 0000 0000 0000
0000 0000 0000 0000 0000 0000 0000 0000 0000 0000 0000 0000 0000 0000 0000 0000
0000 0000 0000 0000 0000 0000 0000 0000 0000 0000 0000 0000 0000 0000 0000 0000
0000 0000 0000 0000 0000 0000 0000 0000 0000 0000 0000 0000 0000 0000 0000 0000
0000 0000 0000 0000 0000 0000 0000 0000 0000 0000 0000 0000 0000 0000 0000 0000
0000 0000 0000 0000 0000 0000 0000 0000 0000 0000 0000 0000 0000 0000 0000 0000
0000 0000 0000 0000 0000 0000 0000 0000 0000 0000 0000 0000 0000 0000 0000 0000
0000 0000 0000 0000 0000 0000 0000 0000 0000 0000 0000 0000 0000 0000 0000 0000
0000 0000 0000 0000 0000 0000 0000 0000 0000 0000 0000 0000 0000 0000 0000 0000
0000 0000 0000 0000 0000 0000 0000 0000 0000 0000 0000 0000 0800 0000 0000 0000
0000 0000 0000 0000 0000 0000 0000 0000 0000 0000 0000 0000 0000 0000 0000 0000
0000 0008 0000 0000 0000 0000 0000 0000 0000 0000 0000 0000 0000 0000 0000 0000
0000 0000 0000 0000 0000 0000 0000 0000 0000 0000 0000 0000 0000 0000 0000 0000
0000 0000 0000 0000 0000 0000 0000 0000 0000 0000 0000 0000 0000 0000 0000 0000
0000 0000 0000 0000 0000 0000 0000 0000 0000 0000 0000 0000 0000 0000 0000 0000
0000 0000 0000 0000 0000 0000 0000 0000 0000 0000 0000 0000 0000 0000 0000 0000
0000 0000 0000 0000 0000 0000 0000 0000 0000 0000 0000 0000 0000 0000 0000 0000
0000 0000 0000 0000 0000 0000 0000 0000 0000 0000 0000 0000 0000 0000 0000 0000
0000 0000 0000 0000 0000 0000 0000 0000 0000 0000 0000 0000 0000 0000 0000 0000
0000 0000 0000 0000 0000 0000 0000 0000 0000 0000 0000 0000 0000 0000 0000 0000
0000 0000 0000 0000 0000 0000 0000 0000 0000 0000 0000 0000 0000 0000 0000 0000
0000 0000 0000 0000 0040 0000 0000 0000 0000 0000 0000 0000 0000 0000 0000 0000
0000 0000 0000 0000 0000 0000 0000 0000 0000 0000 0000 0000 0000 0000 0000 0000
0000 0000 0000 0000 0000 0000 0000 0000 0000 0000 0000 0000 0000 0000 0000 0000
0000 0000 0000 0000 0000 0000 0000 0000 0000 0000 0000 0000 0000 0000 0000 0000
0000 0000 0000 0000 0000 0000 0000 0000 0000 0000 0000 0000 0000 0002 0000 0000
0000 0000 0080 0000 0000 0000 0000 0000 0000 0000 0000 0000 0000 0000 0000 0000
0000 0000 0000 0000 0000 0000 0000 0000 0000 0000 0000 0000 0000 0000 0000 0000
0000 0000 0000 0000 0000 0000 0000 0000 0000 0000 0000 0000 0000 0000 0000 0000
0000 0000 0000 0000 0000 0000 0000 0000 0000 0000 0000 0000 0000 0000 0000 0000
0000 0000 0000 0000 0000 0000 0000 0000 0000 0000 0000 0000 0000 0000 0000 0002
0000 0000 0000 0000 0000 0000 0000 0000 0000 0000 0000 0000 0000 0000 0000 0000
0000 0000 0000 0000 0000 0000 0000 0000 0000 0000 0000 0000 0000 0000 0000 0000
0000 0000 0000 0000 0000 0000 0000 0000 0000 0000 0000 0000 0000 0000 0000 0000
0000 0000 0000 0000 0000 0000 0000 0000 0000 0000 0000 0000 0000 0000 0000 0000
0000 0000 0000 0000 0000 0000 0000 0000 0000 0000 0000 0000 0000 0000 0000 0000
0000 0000 0000 0000 0000 0000 0000 0000 0000 0000 0000 0000 0000 0000 0000 0000
0000 0000 0000 0020 0000 0000 0000 0000 0000 1000 0000 0000 0000 0000 0002 0080
0000 0000 0000 0000 0000 0000 0000 0000 0000 0000 0000 0000 0000 0000 0000 0020
2444 0408 4121 4004 0000 8401 0024 4004 A204 8467 2000 9200 0080 8240 0322 C191
010E 10D2 4829 00A0 0240 219A 014A 0161 26A0 9020 8801 2A42 C828 1068 0803 2088
7009 8228 0014 0200 C781 408C A112 2124 121A D890 5101 8814 C500 0E98 12C0 8000
9081 0510 8041 8004 2120 544A 81D6 1081 0086 0110 1104 9002 DC03 2624 0001 0000
Physical Chip 1
0000 0000 0000 0000 0000 0000 0000 0000 0000 0000 0000 0000 0000 0000 0000 0000
0000 0000 0000 0000 0000 0000 0000 0000 0000 0000 0000 0000 0000 0000 0000 0000
0000 0000 0000 0000 0000 0000 0000 0000 0000 0000 0200 0000 0000 0000 0000 0000
0000 0000 0000 0000 0000 0000 0000 0000 0000 0000 0000 0000 0000 0000 0000 0000
0000 0000 0000 0000 0000 0000 0000 0000 0000 0000 0000 0000 0000 0000 0000 0000
0000 0000 0000 0000 0000 0000 0000 0000 0000 0000 0000 0000 0000 0000 0000 0000
0000 0000 0000 0000 0000 0000 0000 0000 0000 0000 0000 0000 0000 0000 0000 0000
0000 0000 0000 0000 0000 0000 0000 0000 0000 0000 0000 0000 0000 0000 0000 0010
0000 0000 0000 0000 0000 0000 0000 0000 0000 0000 0000 0000 0000 0000 0000 0000
0000 0000 0000 0000 0000 0000 0000 0000 0000 0000 0000 0000 0000 0000 0000 0000
0000 0000 0000 0000 0000 0000 0010 0000 0000 0000 0000 0000 0000 0000 0000 0000
0000 0000 0000 0000 0000 0000 0000 0000 0000 0000 0000 0000 0000 0000 0000 0000
0000 0000 0000 0000 0000 0000 0000 0000 0000 0000 0000 0000 0000 0000 0000 0000
0000 0000 0000 0000 0000 0000 0000 0000 0000 0000 0000 0000 0000 0000 0000 0000
0000 0000 0000 0000 0000 0000 0000 0000 8000 0000 0004 0000 0000 0000 0000 0000
0000 0000 0000 0000 0000 0000 0000 0000 0000 0000 0000 0000 0000 0000 0000 0000
0000 0000 0000 0000 0000 0000 0000 0000 0000 0000 0000 0000 0000 0000 0000 0000
0000 0000 0000 0000 0000 0000 0000 0000 0800 0000 0000 0000 0000 0000 0000 0000
0000 0008 0000 0000 0000 0000 0000 0000 0000 0000 0000 0000 0000 0000 0000 0000
0000 0100 0000 0000 0000 0000 0000 0000 0000 0000 0000 0000 0000 0008 0000 0000
0000 0000 0000 0000 0000 0000 0000 0000 0000 0000 0000 0000 0000 0000 0000 0000
0000 0000 0000 0000 0004 0000 0000 0000 0000 0000 0000 0000 0000 0000 0000 0000
0000 0000 0000 0000 0000 0000 0000 0000 0000 0000 0000 0000 0000 0000 0000 0000
0000 0000 0000 0000 0000 0000 0000 0000 0000 0000 0000 0000 0000 0000 0000 0000
0000 0000 0000 0000 0000 0000 0000 0000 0000 0000 0000 0000 0000 0000 0000 0000
0000 0000 0020 0000 0000 0000 0000 0000 0000 0000 0000 0000 0000 0000 0000 0000
0000 0020 0000 0000 0000 0000 0000 0000 0000 0000 0000 0000 0000 0000 0000 0000
0000 0000 0000 0000 0000 0000 0000 0000 0000 0000 0000 0000 0000 0000 0000 0000
0000 0000 0000 0000 0000 0000 0000 0000 0000 0000 0000 0000 0000 0000 0000 0000
0000 0000 0000 0000 0000 0000 0000 0000 0000 0000 0000 0000 0000 0000 0000 0000
0000 0000 0000 0000 0000 0000 0000 0000 0000 0000 0000 0000 0000 0000 0000 0000
0000 0000 0000 0000 0000 0000 0000 0000 0000 0000 0000 0000 0000 0000 0000 0000
0000 0000 0020 0020 0000 0000 0000 0000 0000 0000 0000 0000 0000 0000 0000 0000
0000 0000 0000 0000 0000 0000 0000 0000 0000 0000 0000 0000 0000 0000 0000 0000
0000 0000 0000 0000 0000 0000 0000 0000 0000 0000 0000 0000 0000 0000 0000 0000
0000 0000 0000 0000 0000 0000 0000 0000 0000 0000 2000 0000 0000 0000 0000 4000
0000 0000 0000 0000 0000 0000 0000 0000 0000 0000 0000 0000 0000 0000 0000 0000
0000 0000 0008 0000 0000 0000 0000 0000 0000 0000 0000 0000 0000 1000 0000 0000
0000 0000 0000 0000 0000 0000 0000 0000 0000 0000 0000 0000 0000 0000 0000 0000
0000 0000 0000 0000 0000 0000 0000 0000 0000 0000 0000 0000 0000 0000 0000 0000
0000 0000 0000 0000 0200 0100 0000 0000 0000 0000 0000 0000 0200 0000 0000 0000
0000 0000 0000 0000 0000 0000 0000 0000 0000 0000 0000 0000 0000 0000 0000 0000
0000 0000 0000 0000 0000 0000 0000 0000 0000 0000 0000 0000 0000 0000 0000 0000
0000 0000 0000 0000 0000 0000 0000 0000 0000 0000 0000 0000 0000 0000 0000 0000
0000 0000 0000 0000 0000 0000 0000 0000 0000 0000 0000 0000 0000 0000 0000 0000
0000 0000 0000 0000 0000 0000 0000 0000 0000 0000 0000 0000 0000 0000 0000 0000
0000 0000 0000 0000 0000 0000 0000 0000 0000 0000 0000 0000 0000 0000 0000 0000
0000 0000 0000 0000 0000 0000 0000 0000 0000 0000 0000 0000 0000 0000 0000 0000
0000 0000 0000 0000 0000 0000 0000 0000 0000 0000 0000 0000 0000 0000 0000 0000
0000 0000 0000 0000 0000 0000 0000 0000 0000 0000 0000 0000 0000 0000 0000 0000
0000 0000 0000 0000 0000 0000 0000 0000 0000 0000 0400 0000 0000 0000 0000 0000
0000 0000 0000 0000 0010 0000 0000 4000 0000 0000 0000 0000 0000 0000 0000 0000
0000 0000 0000 0000 0000 0000 0000 0000 0000 0000 0000 0000 0000 0000 0000 0000
0000 0000 0000 0010 0000 0000 0000 0000 0000 0000 0000 0000 0000 0000 0000 0000
0000 0000 0000 0000 0000 0000 0000 0000 0000 0000 0000 0000 0000 0000 0000 0000
0000 0000 0000 0000 0000 0000 0000 0000 0000 0000 0000 0000 0000 0000 0000 0000
0000 0000 0000 0000 0000 0000 0000 0000 0000 0000 0000 0000 0000 0000 0000 0000
0000 0000 0000 0000 0000 0000 0000 0000 0000 0000 0000 0000 0000 0000 0000 0000
0000 0000 0000 0000 0000 0000 0000 0000 0000 0000 0000 0000 0000 0000 0000 0000
0000 0000 0000 0000 0000 0000 0000 0000 0000 0000 0000 0000 0000 0000 0000 0000
0000 0000 0000 0000 0000 0000 0000 0000 0000 0000 0000 0000 0000 0000 0000 0000
0000 0000 0000 0001 0000 0000 0000 0000 0000 0000 0000 0000 0000 0000 0000 0000
0000 0000 0000 0000 0000 0000 0000 0000 0000 0000 0000 0000 0000 0000 0000 0000
0000 0000 0000 0000 0000 0000 0000 0000 0000 0000 0000 0000 0000 0000 0000 0000
0000 0000 0000 8000 0000 0000 0000 0000 0000 0000 0000 0000 0000 0000 0000 0000
0000 0000 0000 0000 0040 0000 0000 0000 0000 0000 0000 0000 0000 0000 0000 0000
0000 0000 0000 0000 0000 0000 0000 0008 0000 0000 0000 0000 0000 0000 0000 0000
0000 0810 0000 0000 0000 0000 0000 0000 0000 0000 0000 0000 0000 0000 0000 0000
0000 0000 0000 0000 0000 0000 0000 0000 0000 0000 0000 0000 0000 0000 0000 0000
0000 0000 0000 0000 0000 0000 0000 0000 0000 0000 0000 0000 0000 0000 0000 0000
0000 0000 0000 0000 0000 0000 0000 0000 0000 0000 0000 0000 0000 0000 0000 0000
0000 0000 0000 0000 0010 0000 0000 0000 0000 0000 0000 0000 0000 0000 0000 0000
0000 0000 0000 0000 0000 0000 0000 0000 0000 0000 0000 0000 0000 0000 0000 0000
0000 0000 0020 0010 0000 0000 0000 0000 0000 0000 0000 0000 0000 0000 0000 0000
0000 0000 0000 0000 0000 0000 0000 0000 0000 0000 0000 0000 0000 0000 0000 0000
0000 0000 0000 0000 0000 0000 0000 0000 0000 0000 0000 0000 0000 0000 0000 0000
0000 0000 0100 0000 0000 0000 0000 0000 0000 0000 0000 0000 0000 0000 0000 0000
0000 0000 0000 0000 0000 0000 0000 0000 0000 0000 0000 0000 0000 0000 0000 0000
0000 0000 0000 0000 0000 0000 0000 0000 0000 0000 0000 0000 0000 0000 0000 0010
0000 0000 0000 0000 0000 0000 0000 0000 0400 0000 0000 0000 0000 0000 0000 0000
0000 0000 0000 0000 0000 0000 0000 0000 0000 0000 0000 0000 0000 0000 0000 4000
0000 0000 0010 0000 0000 0000 0000 0000 0000 0000 0000 0000 0000 0000 0000 8000
0000 0000 0000 0000 0000 0000 0000 0000 0000 0000 0000 0000 0200 0000 0000 0000
0000 0000 0000 0000 0000 0000 0000 0100 0000 0000 0040 0000 0000 0000 0000 0000
0000 0000 0000 0000 0000 0000 0000 2000 0000 0000 0000 0000 0000 0000 0000 0000
0000 0000 0000 0000 0000 0000 0000 0000 0000 0000 0000 0000 0000 0000 0000 0000
0000 0000 0000 0000 0000 0000 0000 0000 0000 0000 0000 0000 0000 0000 0000 0000
0000 0000 0000 0000 0000 0000 0000 0000 0000 0000 0000 0000 0000 0000 0000 0000
0000 0000 0000 8000 0000 0000 0000 0000 0000 0000 0000 0000 0000 0000 0000 0000
0000 0000 0000 0000 0000 0000 0000 0000 0000 0000 0000 0000 0000 0000 0000 0000
0000 0000 0000 0000 0000 0000 0000 0000 0000 0000 0000 0000 0000 0000 0000 0000
0000 0000 0000 0000 0000 0000 0000 0000 0000 0000 0000 0000 0000 0000 0100 0000
0000 0000 0000 0000 0000 0000 0000 0000 0000 0000 0000 0000 0000 0000 0000 0000
0000 0000 0000 0000 0000 0000 0000 0000 0002 0000 0000 0000 0000 0000 0000 0000
0000 0000 0000 0000 0000 000C 0000 0000 0000 0000 0000 0000 0000 0000 0000 0000
0000 0000 0000 0000 0000 0000 0000 0000 0000 0000 0000 0000 0000 0000 0000 0000
0000 0000 0000 0000 0000 0000 0000 0000 0000 0000 0000 0000 0000 0000 0000 0000
0000 0000 0000 0000 0000 0000 0000 0000 0000 0000 0000 0000 0000 0000 0000 0000
0000 0000 0000 0000 0000 0000 0000 0000 0000 0000 0000 0000 0000 0000 0000 0000
0000 0000 0000 0000 0000 0000 0000 0000 0000 0000 0000 0000 0000 0000 0000 0000
0000 0000 0000 0000 0010 0000 0000 0000 0000 0000 0000 0000 0000 0000 0000 0000
0000 0000 0000 0000 0000 0000 0000 0000 0000 0000 0000 0000 0000 0000 0000 0000
0400 0000 0000 0000 0000 0000 0000 0000 0000 0000 0000 0000 0000 0000 0000 0000
0000 0000 0000 0000 0000 0000 0000 0000 0000 0000 0000 0000 0000 0000 0000 0000
0000 0000 0000 0000 0000 0000 0000 0000 0000 0000 0000 0000 0000 0000 0000 0000
0000 0000 0000 0000 0000 0000 0000 0000 0000 0000 0000 0000 0000 0000 0000 0000
0000 0000 0000 0000 0000 0000 0000 0000 0000 0000 0000 0000 0000 0000 0000 0000
0000 0000 0000 0000 4000 0000 0000 0000 0000 0000 0000 0000 0000 0000 0000 0000
0000 0000 0000 0000 0000 0000 0000 0000 0000 0000 0000 0000 0000 0000 0000 0000
0000 0000 0000 0100 0000 4000 0000 0000 0000 0000 0000 0000 0000 0000 0000 0000
0000 0001 0010 0000 0000 0000 0000 0000 0000 0000 0000 0000 0000 0000 0000 0000
0000 0000 0000 0000 0000 0000 0000 0000 0000 0000 0000 0000 0000 0000 0000 0000
0000 0000 0000 0000 0000 0000 0000 0000 0000 0000 0000 0000 0000 0000 0200 0000
0000 0000 0000 0000 0000 0000 0000 0000 0000 0000 0000 0000 8000 0000 0000 0000
0000 0000 0000 0000 0000 0000 0000 0000 0000 0000 0000 0000 0000 0000 0000 0000
0000 0000 0000 0000 0000 0000 0000 0000 0000 0000 0000 0000 0000 0000 0000 0000
0000 0000 0000 0000 0000 0000 0000 0000 0000 0000 0000 0000 0000 0000 0000 0000
0000 0000 0000 0000 0000 0000 0000 0000 0000 0000 0000 0000 0000 0000 8000 0000
0000 0000 0000 0000 0000 0000 0000 0000 0000 0000 0000 0000 0000 0000 0000 0000
0000 0000 0000 0000 0000 0000 0000 0000 0000 0000 0000 0000 0000 0000 0000 0000
0000 0000 0000 0000 0000 0400 0000 0000 0000 0000 0000 0000 0000 0000 0008 0000
0000 0000 0000 0000 0000 0000 0000 8000 0000 0000 0000 0000 0000 0000 0000 0000
0000 0000 0000 0000 0000 0000 0000 1000 0000 0000 0000 0000 0000 0000 0000 0000
0000 0000 0000 0000 8000 0000 0000 0000 0000 0000 0000 0000 0000 0000 0000 0000
0000 0000 0000 0000 0000 0000 0000 0000 0000 2800 0000 0000 0000 0000 0000 0000
0000 0000 0000 0000 0000 0000 0000 0000 0000 0020 0000 0000 0000 0000 0000 0000
0000 0000 0000 0000 0000 0000 0000 0000 0000 0000 0000 0000 0000 0000 0000 0000
0000 0000 0000 0000 0000 0000 0000 0000 0000 0000 0000 0000 0000 0000 0000 0000
Physical Chip 2
0000 0000 0000 0000 0000 0000 0001 0000 0000 0000 0000 0000 0000 0000 0010 0800
0000 0000 0000 0000 0000 0000 0000 0000 0000 0000 0800 0000 0000 0000 0000 0000
0000 0000 0000 0000 0000 0000 0000 0000 0000 0000 0000 0000 0000 0000 0000 0000
0010 0000 0000 0000 0040 0000 0000 0000 0000 0000 0000 0000 0000 0000 0000 0000
0000 0000 0000 0000 0000 0000 0000 0000 0000 0000 0000 0000 0000 0000 0200 0000
0000 0000 4000 0000 0000 0000 0000 0000 0000 0000 0000 0000 0000 0000 0000 0000
0000 0000 0000 0000 0000 0000 0000 0000 0000 0000 0000 0000 0000 0000 0000 0000
0000 0000 0000 0000 0000 0000 2000 0000 0000 0000 0000 0000 0000 0000 0000 0000
0000 0000 0000 0000 0000 0000 0000 0000 0000 0000 0000 0000 6000 0000 0000 0000
0000 0000 0000 0000 0000 0000 0000 0000 0000 0004 0000 0000 0000 0000 0000 0000
0000 0000 0000 0000 0000 0000 0000 0000 0000 0000 0000 0000 0000 0000 0000 0000
0000 0000 0000 0000 0000 0000 0000 0000 0000 0000 0000 0000 0000 0000 0000 0000
0000 0000 0000 2000 0000 0000 0000 0000 0000 0000 0008 0000 0000 0000 0000 0000
0000 0000 0000 0000 0000 0000 0000 0000 0000 0000 0000 0000 0000 0000 0000 0000
0000 0000 0000 0000 0000 0000 0000 0000 0000 0000 0000 0000 0000 0000 0000 0000
0000 0000 0000 0000 0000 0000 0000 0000 0000 0000 0000 0000 0000 0000 0000 0000
0000 0000 0000 0000 0000 0000 0000 0000 0000 0020 1000 0000 2000 0000 0000 0000
0000 0000 0000 0000 0000 0000 0000 0000 0000 0000 0020 0000 0000 0000 0000 0000
0000 0000 0000 0000 0400 0000 0000 0000 0000 0000 0000 0000 0000 0000 0000 0000
0000 0040 0000 0000 0000 0000 0000 0000 0000 0000 0000 0000 0000 0000 0000 0000
0000 0000 0000 0000 0000 0000 0080 0000 0000 0000 0000 0000 0000 0000 0000 0000
0400 0000 0000 0000 0000 0000 0000 0000 0000 0000 0000 0000 0000 0000 0000 0000
0000 0000 0000 0000 0000 0000 0000 0001 0800 0000 0000 0000 0000 0000 0000 0000
0000 0000 0000 0000 0000 0000 0000 0000 0000 0000 0000 0000 0000 0000 0000 0200
0000 0000 8001 0000 0010 0000 0000 0000 0000 0000 0000 0000 0000 0000 0000 0000
0000 0000 0000 8000 0000 0008 0000 0000 0000 0000 0000 0000 0000 0000 0000 0000
0000 0000 0000 0000 0000 0000 0020 0000 0000 0000 0000 0000 0000 0000 0000 0000
0000 0000 0000 0000 0000 0000 0100 0000 0000 0000 0000 0000 0000 0000 2000 0000
0000 0000 0000 0000 0000 0000 0020 0000 0040 0000 0000 8000 0000 0000 0000 0000
0000 0000 0000 0000 0000 0000 0000 0000 0000 0000 0000 0000 0000 0000 0000 0000
0000 0000 0000 0000 0000 0000 0000 0000 0000 0000 0000 0000 0800 0000 0000 0000
0000 0000 0000 0000 0000 0000 0000 0000 0000 0000 0000 0000 0000 0000 0000 0000
0000 0000 0000 0000 0000 0000 0000 0000 0000 0000 0000 0000 0000 0000 0000 0000
0000 0000 0001 0000 0000 0000 0000 0000 0000 0000 0000 0000 0000 0000 0000 0000
0000 0000 0000 0040 0FFF 0000 0000 0000 0000 0000 0000 4000 0000 0000 0000 0000
0000 0000 0000 0000 0000 0000 0000 0000 0000 0000 0010 0000 0000 2000 0000 0000
0000 0800 0000 0000 0000 0000 0000 0000 0000 0100 0000 0000 0000 0000 0000 0000
0000 0000 0000 0000 0000 0000 0000 0000 0000 0000 0000 0000 0000 0000 0000 0000
0000 0000 0000 0000 0000 0000 0000 0000 0000 0000 0000 0000 0000 0000 0000 0002
0000 0000 0000 0000 0010 0000 0000 0000 0000 0000 0000 0100 0000 0000 0000 0000
0000 0000 0000 0410 0000 0000 0000 0004 0000 0000 0000 0000 0000 0000 0000 0000
0000 0000 0000 0000 0000 0000 0000 0000 0000 0000 0000 0000 0000 0800 0000 0000
0000 0000 2000 0000 0000 0000 0000 0000 0000 0000 0000 0000 0000 0000 0000 0800
0000 0000 0000 0000 0000 0000 0000 0000 0000 0000 0000 0000 0000 0000 0000 0000
0000 0000 0000 0400 0000 0000 0000 0000 0000 0000 0000 0000 0000 0010 0000 0008
0000 0000 0000 0008 0000 0000 0000 0000 0000 0000 0000 0000 0010 0000 0000 0000
0000 0000 0000 0000 0000 0000 0000 0000 0000 0400 0000 0000 0000 1000 0000 0000
0000 0000 0000 0000 0000 0000 0000 0000 0000 0000 0000 0000 0000 0000 0000 0010
0000 0000 0000 0000 0000 0000 0000 0000 0000 0000 0000 0000 0000 0000 0000 0000
0000 0000 0000 0000 0000 0000 0000 0000 0000 0000 1000 0000 0000 0000 0000 0000
0000 0000 0000 0000 0000 0000 0000 0000 0000 0000 0000 0000 0000 0000 0000 0000
0000 0000 0000 0000 0000 0000 0000 0000 0000 0000 0000 0000 0000 0000 0000 0000
0000 0000 0000 0000 0000 0000 0000 0000 0000 0000 0000 0000 0000 0000 2000 0000
0000 0000 0000 0000 0000 0000 0000 0000 0000 0000 0000 0000 0000 0000 0000 0000
0000 0000 0000 0000 0000 0000 0000 0000 0000 0000 0000 0000 0000 0000 0000 0000
0000 0000 0000 0000 0000 0000 0000 0000 2000 0000 0000 0000 0000 0000 0000 0000
0000 0000 0000 0000 0000 0000 0000 0000 0000 0000 0000 0000 0000 0000 0000 0000
0000 0000 0000 0000 0000 0000 0000 0000 0000 0000 0000 0000 0000 0000 0000 0000
0000 0000 2000 0000 0000 0000 0000 0020 0000 0000 0000 0000 0000 0000 0000 0000
0000 0000 0000 0000 0000 0000 0000 0000 0000 0000 0000 0000 0000 0000 0000 0000
0000 0000 0000 0000 0000 0000 0000 0000 0000 0000 0000 0000 0000 0000 0000 0000
0000 0000 8000 0000 2000 0000 0000 0080 0020 0000 0000 0000 0000 0000 0000 0000
0000 0100 0000 0000 0000 0000 0000 0000 0000 0000 0000 0000 0000 0000 0000 0000
0000 0000 0000 0000 0000 0000 0000 0000 0000 0000 0000 0000 0000 0000 0000 0000
0000 0000 0000 0000 0000 2040 0000 0000 0000 0000 0000 0000 0000 0000 0000 0000
0000 0000 0000 0000 0000 0000 0000 0000 0000 0000 0000 0000 0000 0000 0000 0000
0000 0000 0000 0000 0000 0000 0000 0000 0000 0000 0000 0000 0000 0000 0000 0000
0000 0000 0000 1000 0000 0000 0000 1000 0000 0000 0000 0000 0000 8020 0000 0000
0000 8000 0000 0000 0200 0000 0000 8000 0000 0000 0000 0000 0000 0000 0000 0000
0000 0000 0000 0000 0000 0000 0000 0000 0008 0000 0000 0000 0000 0000 0000 0000
0000 0000 0000 0000 0000 0000 0000 0200 0000 0000 0000 0000 0000 0000 0000 4000
0000 0000 0000 0000 0000 0000 0000 0000 0000 0000 0000 0000 0000 0000 0000 0000
0000 0000 0000 0000 0000 0000 0000 0000 0000 0000 0000 0000 0001 0000 0000 0000
0000 0000 0000 0000 0000 0000 0000 0000 0000 0000 2000 0002 0000 0000 0000 0000
0000 0000 0000 0000 0000 0000 0000 0000 0000 0000 0000 0000 0000 0000 0200 0000
0000 0000 0000 0000 0000 0000 0000 0000 0000 0000 0000 0000 0000 0000 0000 0000
0000 0000 0000 0040 0000 0000 0000 0000 0000 0000 0000 0000 0000 0000 0000 0000
0000 0000 0000 0000 0000 0000 0000 0000 0000 0000 0000 0000 0000 0004 2000 0000
0000 0000 0000 0000 0000 0000 0000 0000 0000 0000 0000 0000 0000 0000 0000 0000
0000 0000 0000 0000 0000 0000 0000 0000 0000 0000 0000 0000 0000 0000 0000 0000
0000 0000 0000 0000 0000 0000 8000 0000 0000 0000 0000 0000 0000 0000 0000 0000
0000 1000 0000 0000 0000 0000 0000 0000 0000 0000 0000 0000 0000 0000 0000 0000
0000 0000 0000 0000 0000 0000 0000 0000 0000 0002 0000 0000 0000 0000 0000 0000
0000 0000 0000 0000 0000 0000 0000 0000 0000 0040 0000 0000 0000 0000 0000 0000
0000 0000 0000 0000 0000 0000 0000 0000 0000 0000 0002 0000 0000 0000 0000 0000
0000 0000 0000 0000 0000 1000 0000 0000 0200 0000 0000 0000 0000 0000 0000 0000
0000 0000 0000 0000 0000 0000 0000 0000 0000 0000 0000 0000 0000 0000 0000 0000
0000 0000 0000 0000 0000 0000 0000 0000 0000 0000 0000 0000 0000 0000 0000 0000
0000 0000 0000 0000 0002 6000 0000 0000 0000 0000 0000 0000 0000 0004 0000 0000
0000 0000 0000 0000 0000 0000 0000 0000 0080 0000 0000 0000 0000 0000 0000 0000
0000 0000 0000 0000 0000 0000 0000 0000 0000 0000 0000 0000 0000 0000 0000 0000
0100 0000 0000 0000 0000 0000 0000 0000 0000 0000 8000 0000 0040 0000 0000 0000
0000 0000 0000 0000 0000 0000 0000 0000 0000 0000 0000 0000 4000 0200 0000 0000
0000 0000 0000 0000 0000 0000 0000 0000 0000 0000 0000 0000 2000 0000 0000 0000
0000 0000 0040 4000 0000 0000 0000 0000 0000 0000 0000 0000 0000 0000 0000 0000
0000 0000 0000 0000 0000 0000 0000 0000 0000 0000 1000 0040 1000 0000 0000 0000
0000 0000 0000 0000 0000 0000 0000 0000 0000 0000 0000 0000 0000 0000 0000 0000
0000 0000 0000 0000 0000 0000 0000 0000 0008 0000 0000 0000 0000 0000 1000 0000
0000 0000 0000 0000 0000 0000 0000 0000 0000 0000 0000 0000 0000 0000 0020 0000
0000 0000 0000 0000 0000 0000 0000 0000 0000 0000 0000 0000 0000 0000 0000 0000
0000 0000 0000 0000 0000 0000 0000 0000 0000 0000 0000 0000 0000 0000 0000 0000
0000 0000 0000 0000 0000 0000 0000 8000 0000 0000 0000 0000 0000 0000 0000 0000
0000 0000 0000 0000 0000 0000 0000 0000 0000 0000 0000 0000 0000 0000 0000 0000
0000 0000 0000 0000 0000 0000 0000 0000 0000 0000 0000 0000 0000 0000 0004 0000
0000 0000 0000 0000 0000 0000 0000 0000 0000 0000 0000 0000 0000 0000 0000 0000
0000 0000 0000 0000 0000 0000 0000 0020 0000 0000 0000 0000 0002 0000 0000 0000
0000 0000 0000 0000 0000 0000 0000 0000 0000 1000 0000 8000 0000 0000 0000 0000
0000 0000 0000 0000 0000 0000 0000 0000 0000 0000 0000 0000 0040 0000 0000 0000
0000 0040 0000 0000 0000 0000 0000 0000 0000 0000 0000 0000 0000 0000 0000 0000
0000 0000 0200 0000 0000 0000 0000 0010 0000 0000 0000 0010 0000 0000 0000 0000
0000 0000 0000 0008 0000 0000 0000 0000 0000 0000 0000 0000 0000 0000 0000 0000
0000 0000 0000 0000 0000 0000 0000 0000 0000 0000 0000 0000 0002 0000 0000 0000
0000 0000 0000 0000 0000 0000 0000 0000 0000 0000 0000 0000 0000 0000 0000 0000
0801 0000 0000 0000 0000 0000 0000 0000 0004 0000 0000 0000 0000 0000 0000 0000
0000 0000 0000 0000 0000 0000 0000 0000 0000 0100 0000 0000 0010 0000 0000 0000
0800 0000 0000 0000 0000 0000 0000 0000 0000 0000 0000 0000 0004 0000 0000 0000
0000 0000 0008 0020 0000 0000 0000 0000 0000 0000 0000 0000 0000 0000 0000 0000
0000 0000 0000 0000 0010 0004 0000 0000 0000 0004 0000 0000 0000 0000 0000 1000
0008 0800 0000 0004 0000 0000 0000 0000 0000 0000 0000 0000 0000 0000 0000 0000
0000 0000 0000 0000 0000 0000 0000 0000 0000 0000 0000 0000 0000 0000 0000 0000
0000 0000 0000 0000 0000 0000 0000 0000 0000 0000 0000 0000 0000 0000 0000 0200
0000 0010 0000 0000 0000 0000 0004 0000 0000 0000 0000 0000 0000 0000 0000 0000
0000 0000 0000 0000 0000 0000 0000 0000 0000 0000 0000 0000 0000 0000 0000 0000
0000 0000 0000 0000 0000 0000 0000 0000 0000 0000 0000 0000 0000 0000 0000 0000
0000 0000 0000 0000 0000 0000 0000 0000 0000 0000 0000 0000 0000 0000 0000 0000
0000 0000 0000 0000 0000 0000 0000 0000 0100 0000 0000 0000 0000 0000 0010 0000
0000 0000 0000 0000 0000 0000 0000 0000 0000 0020 0000 0000 0000 0000 0000 0000
0000 0010 0000 0004 0000 0000 0000 0000 0000 0000 0000 0000 0000 0000 0000 0000
Physical Chip 3
0000 0000 8000 2020 0000 0000 0000 0001 0002 0000 0000 4000 8000 8020 0000 0000
0000 0000 0800 0000 4000 0000 0000 0000 0000 0000 4000 0000 0000 8100 0008 0000
0000 0000 0000 0000 4000 0000 4000 0000 0000 0000 0000 0000 0000 0010 0000 0000
4000 0030 0011 0000 0008 0000 0000 0000 0000 0010 2000 8020 0000 0001 0000 0000
0000 0000 0014 4800 2000 0000 000C 0000 0000 0000 2000 0000 8000 0008 0000 0000
0000 0000 0080 0000 0000 0000 0104 0800 0002 0013 0000 0050 0000 0000 0000 C000
0000 0004 4800 0100 0000 0000 0000 0000 0000 0804 0100 0000 0000 0000 0000 0008
0000 0000 0000 0000 0800 8000 4001 0000 0012 1480 0100 0008 0000 0000 0000 0500
0000 0000 0110 0000 0000 0800 0000 0000 1000 0000 0004 0000 0210 0000 0000 0800
0A00 4000 0002 0000 0100 0200 0000 0000 0000 8000 0000 0010 0000 0000 0000 0000
8000 0008 0000 0002 0000 0000 0000 0000 0000 0000 0000 0000 0000 0040 0000 0C04
0000 0000 0000 0010 0000 0000 0010 1100 0200 0020 2000 0000 0000 0000 0000 0001
0001 0000 0800 0040 0201 1000 0040 0000 0042 2000 0080 0101 8000 0000 0000 0000
0100 0000 C000 1000 0000 0800 0040 0000 0010 0400 0000 0000 0000 0006 8010 0004
0100 0000 0310 000C 0000 0000 0080 0020 0002 0000 0100 0000 0000 0004 0000 0000
0000 0200 0000 0024 1000 0000 0080 1000 0000 0000 0200 0008 0800 4000 0000 0000
0000 0000 8008 0010 0000 0000 0201 0040 0000 1000 0000 0000 0000 0008 0062 0000
0000 0020 0000 0100 0000 0000 4000 0000 0000 0000 0004 0400 0010 0000 0008 0000
0000 0008 0000 0000 8002 0000 0000 0080 0000 0000 0000 0000 4000 0000 0000 0000
0000 0000 2000 0000 0000 0000 0000 0000 4000 0000 0001 0000 0000 0241 0000 0008
0000 0005 0040 8000 0000 0000 8000 0800 0000 0000 0000 0000 0300 0000 0000 4000
0000 0010 0000 0000 0000 0120 0000 0080 0000 0002 0000 0000 1008 0100 0000 0080
0002 0000 0080 0000 4800 0044 0000 0004 0000 0010 0000 0000 0000 0040 0004 0000
0000 0000 0000 0080 0000 0000 0000 0080 0101 0000 0400 0004 0200 0000 0000 0000
0020 0000 0000 0000 0000 0009 0000 0000 0000 0000 0000 0000 0008 6000 1000 0000
0000 0000 4000 0008 0000 0000 0000 0000 0000 0000 2000 0480 1010 0000 0000 0000
0020 8000 0000 0000 0000 0000 2000 0000 0400 0001 0000 0000 0100 0000 0000 0080
0000 0000 0008 0080 0800 0000 0000 0020 0320 0000 8000 8010 0000 0811 0000 0010
0000 0000 0000 8000 0100 0010 0000 0000 0200 0000 0000 0000 0000 0000 0400 0200
0002 0000 0000 0000 0020 0410 0020 0000 0000 0000 0080 0000 0200 0401 0100 0000
0080 0000 0000 0000 8000 0800 0100 0000 0000 0100 0000 0000 8000 0001 0004 0000
0000 0040 0000 0000 1040 2000 0000 0000 0000 0008 0000 0000 0000 0000 0100 2000
0000 0000 0020 0000 0000 0000 8020 0000 0000 0000 0000 0010 0000 8000 0000 0020
4008 0000 0000 0000 0000 0C40 0000 0000 0004 2000 0000 0000 0004 0206 0800 0000
0000 0000 4010 0000 0000 0000 0200 4000 0000 0080 0804 0000 0008 0000 0008 0400
0000 0800 0000 0000 0000 0400 0000 0000 0004 0000 0000 0000 0000 0000 0000 0000
0000 0000 0000 0008 0000 0000 0000 0000 0000 0000 0008 0808 0800 0000 1000 0000
0000 0000 1000 0004 0000 2000 0000 0000 2000 0090 0002 8000 0800 0000 0001 0000
2008 0004 0008 0000 0000 4000 0400 0000 0000 0800 0020 0800 0040 0000 0000 0800
0000 0008 0000 0000 0020 0A00 8000 0010 0000 0020 0000 0000 0000 0000 0040 0000
2000 0000 0000 0000 0000 0000 0000 0000 0000 0000 0000 0000 0040 0100 0000 0000
0000 0000 8008 0008 0018 4200 0000 0000 0000 0000 8000 0000 0000 8000 0008 0000
0000 0000 4000 0000 0000 0000 0000 0004 0000 0000 0000 0400 0020 0000 0000 0000
0200 0000 0020 0000 0020 0000 0000 0000 8000 0800 0000 0000 0000 0000 0000 0000
0000 1000 0400 0000 0000 0000 0020 0000 0000 0000 0000 0000 0000 0000 0010 0000
0040 4000 0100 0000 0000 4000 0000 0000 0000 0000 0000 0000 0002 0000 0008 0000
0000 0000 0000 0000 0000 0000 0000 0000 0000 0001 0104 0000 8000 8040 0000 0000
0004 0000 0000 0000 8010 0000 0000 0000 0000 0800 0000 1000 0200 0200 0000 0000
0100 0800 0000 0000 0200 0001 0000 8800 0400 0000 0000 0000 0080 0000 0000 0002
0000 0208 0080 0000 2000 0008 3000 4000 0000 8000 0000 0000 1000 0000 4140 0000
0000 0001 0100 0000 0000 0008 0000 0000 0200 0000 0000 0008 0020 0001 2001 0000
8000 0000 0081 0100 0000 0000 0000 0000 0000 0000 0000 0000 0000 2000 0100 0000
0000 0000 0000 0000 0000 0000 0000 0080 0048 0000 0010 1000 0100 0000 0000 0040
0001 0000 0000 0001 0000 0001 0080 0000 0000 1000 0000 0004 0000 0000 0000 0014
0000 0000 0000 A002 0000 0000 0000 0010 0080 0000 2000 0000 0000 0011 1000 0000
0041 0218 0000 0000 0000 0000 0000 0004 4400 5200 0080 0100 A000 1000 0004 0000
0010 0000 0000 8620 0400 0500 0000 0680 A000 1000 0000 0020 0000 0100 0000 0000
0040 0000 0000 0000 0000 4000 0400 1004 0000 0040 0000 0000 0200 0000 0001 0000
0000 0004 0000 0000 8000 0000 0000 0000 0000 0000 0021 0000 0000 0200 0000 0000
0680 0000 0000 8000 0010 0800 0000 0200 0400 0000 0000 0001 0000 0000 0800 0000
0020 0800 0000 0000 0000 0000 0100 0000 0001 8000 0000 0000 2000 0200 0080 0000
0000 0000 0000 0800 0000 0000 8000 0200 0040 0000 0000 0000 0000 0002 0000 1200
0000 0000 0000 0080 0000 1000 0030 0001 0018 0000 0000 0800 0000 0400 0001 0000
0000 0800 0000 8000 0000 0001 1000 0000 0800 0000 1400 0000 0000 0000 0000 0000
0200 0000 0000 0800 2006 0008 0000 0008 0200 0800 0010 0000 0080 2001 0020 0000
0000 0088 0800 0001 0004 0000 8000 0080 0000 0100 0000 0000 0000 0000 0200 0000
0004 0100 0000 0000 0000 0000 0000 0803 0000 0000 0000 0000 0000 0480 0100 0000
0010 0000 0000 0004 0000 0000 0000 0000 0000 0000 2000 0000 0000 1000 0000 8000
0000 1040 0000 0000 0000 0000 0010 000A 0004 0200 0000 0000 0002 0000 0200 0000
2000 8000 0000 0000 0000 2000 0000 0000 0010 0000 0000 0000 0600 0000 0000 0090
0000 0020 0000 0002 0000 0000 0000 0004 0001 0000 0400 0000 0000 0000 0400 0000
0080 2000 0000 0200 0440 0000 4040 0000 2000 0000 0020 0000 0000 0000 0000 0000
0000 0000 0000 0010 0000 0000 8000 0004 0000 0000 0020 0000 0000 4000 1104 0200
0000 0400 0000 0000 1000 0000 0014 0000 0040 0000 0000 8008 3010 0000 0000 0020
8000 0011 1000 0000 8080 0000 0000 0600 0000 8000 0000 8000 0000 0000 0180 0080
0000 0000 1004 0000 2000 0000 3000 0000 0000 0000 0000 0000 0010 0100 0000 0000
0000 0008 8000 0040 0001 0000 0000 0000 8000 0000 0000 0000 0000 0000 0000 1002
0000 0000 0000 0008 0000 0040 0000 8000 0000 0000 0000 0000 0001 0000 0000 0004
4040 0000 0000 0004 0000 0040 0000 0000 0000 8010 0001 0000 0000 0008 0000 2000
1000 0000 0000 0000 0000 0000 0000 0000 0000 0000 0000 2080 0000 0400 8000 0000
0080 0008 0000 0000 0200 4010 0004 0000 0000 0800 0000 0000 0000 0000 0000 0000
0000 0000 0010 0800 0000 0000 0000 0022 0000 0000 0000 0000 0800 0022 0000 0000
0800 0000 0800 0000 0000 8000 0000 0000 0010 0001 0000 0001 0000 0000 0000 0000
0000 0000 0000 0008 0000 0000 0000 0000 0000 8100 0000 8000 0000 0000 0001 0000
0000 0000 0000 0080 0000 0000 0000 0000 8000 0000 0000 0001 0000 0004 0000 0080
0000 0004 0000 0008 2000 0000 0000 0000 0000 0000 1004 0000 4000 0040 0001 0000
0000 0000 0000 0000 8000 0000 1000 0400 0000 0040 0000 0010 0000 0000 0000 0000
0800 0404 004A 0000 0000 0000 0000 0004 0000 0000 0000 4028 0000 0000 2000 0040
0000 0000 0000 0000 0100 0001 0000 0000 0000 0000 0000 0000 0000 0000 0000 0800
0000 0000 0002 0220 0000 0000 0000 0000 0000 0000 0100 0000 0000 0608 0800 0000
0000 0400 0000 0000 0000 1060 0000 0020 0000 0020 0000 0000 0008 1000 0000 0000
8000 1000 0000 0000 0004 2000 0000 0000 1002 4040 0000 0100 0000 0000 0200 0022
0002 0020 0400 0020 0000 0000 0010 0004 0100 0020 4000 4000 0000 8000 0000 0008
0000 0000 0000 1000 4000 0000 0080 0000 0000 0000 0010 8000 0000 3000 0200 0000
0000 0000 0000 0000 0000 1000 0000 0000 0000 0010 0310 0000 0000 0004 0000 0001
0002 0200 0280 0000 0000 2001 A008 0000 0000 0400 0100 0082 0200 0000 0000 0000
0000 0000 0000 0000 0000 0020 0400 2008 0000 0000 0000 000C 0000 0000 0800 0000
0400 0000 0000 4000 0000 0001 0000 0000 0000 0000 0000 4000 0040 0000 0800 0000
0000 2030 0001 0000 0000 0000 0000 0008 8000 0000 0004 0000 0124 5000 0200 8000
0000 0008 0000 0000 2000 0000 0000 0000 0000 0020 0000 0005 2002 0000 0000 0020
0000 0000 0000 0000 0000 0000 0000 0802 2004 0002 0000 0108 8000 0000 8000 0000
0010 0000 0000 0000 0000 0200 0004 0000 0000 0001 0000 0000 0000 0000 0000 1000
4080 0000 0000 0000 8000 0000 0000 0880 0A02 2000 0010 0000 0000 0000 8000 1001
0100 8408 0004 0000 0000 0000 0004 0000 1000 0000 0000 0002 0010 0110 0002 0000
0000 0000 0000 0100 0028 0000 2800 0000 8900 0800 2000 2010 0000 0200 0001 0080
0000 0000 C000 0080 0808 0000 0000 0300 0000 8400 0000 0020 0000 0000 0000 0080
1000 0000 0000 0000 0000 0000 0000 0400 0240 0044 0800 0000 0400 0000 0000 0008
0000 0000 0044 0000 0000 0000 0020 4000 4200 0000 0000 0000 0000 0000 0000 0010
0000 0002 2000 0000 0000 0000 0000 0800 0000 0414 9000 0200 0000 0000 0000 000C
4000 0000 0000 0000 0100 0000 1004 0000 0000 0082 0000 0010 0000 0000 0100 0100
0000 8000 0000 0040 0080 2000 0000 0020 0000 0110 0004 0000 4000 0000 1000 0080
0000 0000 0000 0000 0400 0000 4000 0000 0000 1000 0000 2800 0008 0420 0000 0000
4000 0000 0004 0000 0000 0000 0100 0000 4000 0020 0000 0800 0000 02A8 0020 0000
0002 8200 0002 0800 0000 4000 0000 0000 0200 8000 4000 0001 0000 0001 0000 0040
4000 0000 0000 0000 0000 0000 0000 0001 0000 0800 0002 1000 0000 0200 0000 0000
0000 0200 0000 0001 0001 0000 0000 1002 0000 0000 0800 0000 0000 0480 2200 0000
0000 0000 0000 FFD0 0010 2400 0200 0000 0000 0182 0100 0000 0000 0000 0004 1000
0000 0000 0000 0100 0000 0000 0180 0000 0000 0000 0020 0000 0000 0002 0080 0000
0000 0000 0020 0000 0000 0004 0000 0000 1000 2010 1000 0200 0500 0000 0000 0000
1400 0000 0004 0000 0000 0000 0008 0024 0000 0010 0000 0020 0000 0020 8000 0000
0001 0210 0080 FFF6 0000 0000 4220 0000 0420 0000 0404 4800 0801 0000 0000 0000
0002 0001 0000 0000 1000 0210 0000 0000 0000 0000 0800 0401 0000 0040 0000 0000
0000 0000 0000 0000 0080 0000 000D 4020 0000 0000 0000 0100 0000 0000 0400 0000
0000 0000 0000 0000 8400 0000 0000 0000 0014 0000 2000 0000 8200 0000 2400 0000
0000 0080 0000 FFF4 40B0 0000 1000 0000 0000 0000 0000 0000 0000 1000 0020 0810
0000 0004 0000 4800 0000 0200 0000 2004 0000 4040 0000 0080 0040 0000 0400 2000
0000 0004 0000 0000 0000 0400 0000 0010 0000 0000 0200 0000 0200 0020 0000 0000
0000 0000 0000 0000 0000 0000 6000 0000 0000 0004 0000 0010 0400 0200 0000 0000
Physical Chip 4
0000 0000 0000 0000 0000 0000 0000 0000 0000 0000 0000 0000 0000 0000 0000 0000
0000 0000 0000 0000 0000 0000 0000 0000 0000 0000 0000 0080 0000 0000 0000 0004
0000 0000 0008 0000 0000 0000 0000 0000 0000 0000 0000 0000 0000 0000 0000 0000
0000 0002 0000 0000 2000 0000 0000 0000 0000 0000 0000 0000 0004 0000 0000 0000
0000 0000 0000 0000 0010 0100 0000 0000 0000 0000 0000 0000 0000 0000 0000 0000
0000 0000 0000 0000 0000 0000 0000 0000 0000 0000 4000 1000 0000 0004 0000 0000
0010 0000 0000 0000 0000 0000 0000 0000 0000 0000 0000 0040 0000 0000 0000 0000
0000 0000 0000 0000 0000 0000 0000 0000 0000 0000 0000 0000 0000 0000 0000 0000
0000 0000 0002 0000 0000 2000 0000 0000 0000 0000 0000 0000 0010 0000 0000 0000
0000 0000 0001 0000 0000 0000 0000 0000 0000 0000 0000 0000 0000 0000 0000 0000
0000 0000 0000 0000 0000 0000 0000 0000 0000 0000 0000 0000 0000 0000 0000 0000
0000 0000 0000 0000 0000 0000 0000 0000 0000 0000 0000 0000 1000 0000 0008 0000
0000 0000 0000 0000 0000 0000 0000 0000 0000 0000 0000 0000 0000 0000 0000 0000
0000 0000 0000 0010 0000 0080 0000 0000 0000 0000 0000 0000 0000 0000 0000 0000
0000 0000 0000 0000 0000 0000 4000 0000 0000 0000 0000 4000 0000 0000 0000 0000
0000 4000 0000 0000 0000 0000 0000 0000 0000 0000 0000 0000 0000 0000 0000 8B23
0000 0000 0000 0010 4000 0000 0000 0000 0000 0000 0000 0200 0000 0000 2000 0000
0000 0008 0000 0800 0000 0000 0000 0000 0000 0000 0000 0000 0020 0000 0000 0000
0000 0000 0000 0000 0000 0000 0000 0000 0000 0000 0000 0100 4000 0000 0000 0000
0008 0000 0100 0000 0000 0000 0000 0000 0000 0000 0000 0000 0000 0000 0000 0000
0000 0000 0000 0000 0000 0000 0000 0000 0000 0000 0000 0000 0000 0000 0000 0000
0100 0000 0000 0000 0000 0000 0000 0000 0000 0000 0000 0200 0000 0000 0000 0000
0000 0000 0000 0000 0000 0500 0000 0000 0000 0200 0000 0000 0000 0000 0000 0000
0000 0000 0000 0000 0000 0000 0000 0000 0000 0000 0200 0000 0000 0000 0000 0000
0408 0000 0000 0000 0000 0000 0000 0000 0000 0000 0000 0000 0000 0000 0000 0000
0000 0000 0000 0000 0000 0000 0000 0000 0000 0000 0000 0000 0000 0000 0000 0000
0000 0000 0000 0000 0000 4000 0000 0000 0000 0002 0000 0000 0000 0000 0000 0000
0000 0000 0000 0000 0000 0000 0000 0040 0000 0000 0000 0000 0000 0000 0000 0000
0000 0000 0000 0000 0000 0000 0000 0000 0000 0000 0000 0000 0000 0000 0000 0000
0000 0000 0000 0000 0000 0000 0000 0000 0000 0000 0000 0000 0000 0000 0000 0000
0000 0000 0000 0000 0080 0000 0000 0000 0000 0000 0000 0000 0000 0000 0000 0000
0000 0000 0000 0000 0000 0000 0000 0100 0000 0000 0000 0000 0000 0000 0000 8AAF
0000 0000 0000 0000 0000 0000 0000 0000 0000 0000 0000 0000 0002 0000 0000 0000
0000 0000 0000 0000 0000 0000 0000 0000 0000 0000 0000 0000 0000 0000 0000 0000
8004 0000 8000 0000 0000 0000 0000 0000 0000 0000 0000 0000 0000 0000 0000 0000
0000 0000 0000 0000 0000 0000 0000 0000 0000 0000 0000 0000 0000 0000 0000 0000
0000 0000 0000 0000 0000 0000 0000 0000 0000 0000 0001 0000 0000 0000 0000 0000
0000 0400 0000 0000 0000 0000 0000 0000 0000 0000 0000 0000 1000 0000 0000 0020
0000 0000 0000 0000 0000 0000 0000 0000 0000 0000 0000 0000 0000 0000 0000 0000
0000 0100 0000 0000 0000 0000 0000 0000 0080 0000 0000 0000 0000 0000 0000 0000
0000 0000 0000 0000 0000 0000 0100 0000 0000 0000 0000 0000 0000 0000 0000 0000
0000 0000 0000 0000 0000 0000 0000 0000 0000 0000 0000 0000 0000 0000 0000 0000
0000 0000 0000 0400 0000 0000 0002 0000 0000 0000 8000 0000 0000 0000 0000 0000
0000 0000 0000 0000 0000 0000 0000 0008 0000 0000 0000 0000 0000 0000 0000 0000
0020 0000 0000 0000 0000 0000 0000 0000 0000 0000 0000 0000 0000 0000 0000 0000
0000 0000 0000 0000 0000 0000 0000 0000 0000 0000 0000 0000 0000 0000 0000 0000
0000 0000 0000 0000 0000 0800 0000 0000 0000 0000 0000 0000 0000 0000 0000 0000
0000 0000 0000 0000 0000 0000 0000 0000 0000 0000 0000 0000 0000 0000 0002 C10F
0000 0000 0000 0000 0000 0000 0000 0000 0000 0000 0000 0000 0000 0000 0400 0000
0000 0000 0000 0000 0000 0000 0000 0400 0000 0000 0000 0000 0000 0000 0000 0000
4000 0000 0000 0002 0000 0000 0000 0000 0000 0000 0000 0000 0000 0000 0000 0000
0000 0000 0000 0000 0000 0000 4000 0000 0000 0000 0000 0000 0000 0000 0000 0000
0000 0000 0000 0000 0000 0000 0000 0000 0000 0000 0200 0000 0000 0000 0000 0000
0000 0000 0000 0000 0000 0000 0000 0000 0000 0000 0000 0000 0000 0000 0000 0000
0000 0000 0000 0000 0000 0000 0000 0000 0000 0000 0000 0000 0000 0002 0000 0000
0000 0000 0000 0200 0000 0000 0000 0000 0000 0020 0080 0000 0000 0000 0000 0000
0000 0000 0000 0000 0000 0000 0000 0000 0000 0000 8000 0000 0000 0000 0000 0000
0000 0000 0000 0000 0000 0000 0000 0000 0000 0000 0000 0000 0000 0100 0000 0000
0000 8000 0000 0000 0004 0001 0000 0000 0000 0000 0000 0000 0000 0000 0000 0000
0000 0000 0000 0000 0000 0020 0000 0000 0004 0000 0000 0000 0000 0000 0000 0000
0000 0002 0000 0000 0000 0080 0000 0000 0000 0000 0000 0000 0100 0000 0000 0000
0000 0000 0000 0000 0000 0000 0000 0000 0000 0000 0000 0000 0000 0000 0000 0000
0000 0000 0000 0000 0000 0000 0000 0000 0000 0000 0000 0000 0000 0000 0000 0000
0000 0000 0200 0000 0000 0000 0000 0000 0000 0000 0000 0000 0010 0000 0000 DCBF
0000 0000 0000 0000 8000 0000 0000 0000 0000 0000 0000 0000 0000 0000 0000 0080
0000 0000 0000 0000 0010 0000 0000 0000 0000 0000 0000 0000 0080 0020 0002 0000
0000 0000 0000 0000 0000 0000 0000 0000 0000 0000 0000 0000 0000 0000 0000 0000
0000 0000 0000 0000 0000 0000 0000 0000 0000 0000 0000 0000 0000 0000 0000 0000
0000 0000 0000 0000 0000 0000 0000 0000 0000 0000 0000 0000 0004 0000 8000 0000
0000 0000 0000 0000 0000 0000 4000 0000 0000 0000 0000 0000 0000 0000 0000 0000
0000 0000 0000 4000 0000 0000 0000 0000 0000 0000 0000 0000 0000 0000 0000 0000
0000 0000 0000 0000 0000 0000 0000 0000 0040 0000 0000 0010 0000 0000 0000 0000
0000 0000 0000 0000 0000 0000 0002 0000 0000 0000 0000 0000 0000 0000 0080 0000
0000 0000 0000 0000 0000 0000 0000 0000 0000 0000 0000 0000 0000 0000 0000 0040
0000 0000 0000 0000 0000 0000 0000 0000 0000 0000 0000 0000 0000 0200 0000 0000
0040 0000 0000 0000 0000 0000 0000 0000 0000 0000 0000 0000 0000 0000 0000 0000
0000 0000 0000 0000 4000 0000 0000 0001 0000 0100 0000 0000 0000 0000 0000 0800
1000 0010 0000 0000 0000 0000 0000 0000 0000 0000 0000 0000 0004 0000 0000 0005
0000 0000 0000 0000 0000 0000 0000 0000 0100 0000 0000 0000 0000 0000 0000 0000
0000 0040 0000 0000 0000 0000 0000 0000 0000 0000 0000 0000 0000 0000 0000 CFAD
0000 0000 0000 0000 0000 0000 0000 8000 0000 0000 0000 0200 0000 0000 0000 0000
0000 0000 0000 0000 0000 0000 0000 0000 0000 0000 0000 0000 0002 0000 0000 0000
0000 0000 0000 0000 0000 0000 0000 0000 0000 0000 0000 0000 0000 0000 0000 0000
0000 0000 0000 0000 0000 0000 0000 0000 0000 0000 0000 0001 0000 0000 0000 0000
0000 0000 0000 0000 0000 0000 0000 0000 0000 0000 0000 0000 0000 0000 0000 0000
0000 0000 0000 0000 0000 0000 0200 0000 0000 0000 0000 0000 0000 0000 0000 0000
0000 0000 0000 0000 0000 0000 0000 0000 0000 0800 0000 0004 0000 0000 0000 0000
0000 0000 0000 0000 0000 0000 0000 0000 0000 0000 0100 0000 0000 0000 0000 0000
0000 0000 0000 0000 0000 0000 0000 0000 0000 0000 0000 0000 0000 0000 0000 0000
0000 0020 0000 0000 0000 0000 0000 0000 0400 0420 0000 0000 0000 0000 0000 0000
0000 0000 0001 0000 0000 0000 0000 0000 0000 2000 0000 0000 0000 0000 0000 0000
0000 0000 0000 0040 0008 0000 0000 0000 0210 0000 0000 0000 0000 0000 0000 0000
0000 0000 0000 0000 0000 2000 0000 0000 0000 0000 0000 0000 0000 0000 0000 0000
0000 0000 0000 0000 0000 1000 0000 0000 0000 0000 0000 0000 0000 0000 0000 0000
0000 0000 0000 0000 0000 0080 0000 0000 0000 0000 0000 0000 0000 0000 0000 0000
0000 0020 0000 0000 0000 0000 0000 0000 0000 0000 0000 0000 0000 0800 0000 4FF7
0000 0000 0000 0000 0000 0000 0000 0000 0000 0000 0000 0000 0000 0000 0000 0000
0000 0000 0000 0000 0400 0000 0000 0000 0000 0000 0000 0000 0000 0000 0000 0000
0000 0000 0000 0000 0000 0000 0000 0000 0000 0000 0000 0000 0000 0000 0000 0000
0000 0000 0000 0000 0000 0000 0000 0000 0000 0000 0000 0000 0000 0000 0000 0000
0000 0000 0000 0000 0000 0000 0000 0000 0000 0000 0000 0000 0000 0000 0000 0000
0000 0000 0000 0000 0000 0000 0000 0000 0000 0000 0000 0000 0000 0000 0000 0000
0000 0000 0000 0000 0000 0000 0000 0000 0000 0000 0000 0000 0000 0000 0000 0000
0000 0000 0000 0000 0000 0000 0000 0000 0002 0000 0000 0000 0000 0000 0000 0000
0000 0000 0000 0000 0000 0000 0000 0008 0000 0000 0000 0000 0000 0000 0000 0000
0000 0000 0000 0000 0000 0000 0000 0000 0000 0000 0000 0000 0000 0000 0000 0000
0000 0000 0000 0000 0000 0000 0000 0000 0000 0000 0000 0000 0000 0000 0000 0000
0000 0000 0000 0000 4000 0000 0000 0000 0000 0000 4000 0000 0000 0000 0000 0000
0000 0000 0000 0000 0000 0000 0000 0000 0000 0000 0000 0000 0000 0000 0000 0000
0000 0000 0000 0000 0000 0000 0000 0000 0000 0000 0000 0000 0000 0000 0000 0000
0000 0000 0000 0000 0000 0000 0000 0000 0000 0000 0000 0000 0000 0000 0000 0000
0000 0000 0008 0000 0000 0000 0100 0000 0000 0000 0000 0000 0000 0000 8000 C67E
8000 0000 0000 4000 0000 0000 0000 0000 0000 0000 0000 0000 0002 0000 0040 0000
0000 0000 0000 0000 0000 0000 0000 0000 0000 0000 0000 0000 0002 0000 0000 0000
0000 0000 0000 0000 0000 0000 0000 0000 0000 0000 0004 0000 0000 0000 0000 0000
0000 0000 0000 0000 0000 0000 0000 0000 0000 0000 0000 0000 0000 0000 0000 0000
0000 0000 0000 0000 0000 0000 0000 0000 0000 0000 0000 0000 0000 0000 0000 0000
0000 0000 0000 0000 0000 0000 0000 0080 0000 0000 0000 0000 0000 0000 0000 0000
0000 0000 0000 0000 0000 0000 0000 0000 0000 0000 0000 0000 0000 0000 0000 0000
0000 0000 0000 0000 0000 0000 0000 0000 0000 0000 0000 0000 0000 0000 0000 0000
0000 0000 0000 4000 0000 0000 0000 0000 0000 0000 0000 0000 0000 0000 0000 0000
0000 0000 0000 0000 0000 0000 0000 0000 0000 0000 0000 0000 0000 0000 0000 0001
0000 0000 0000 0000 0000 0000 0000 0000 0000 0000 0000 0000 0000 0000 0000 0000
0000 0000 0000 0000 0000 0000 0000 0000 0000 0000 0000 0000 0000 0000 0000 0000
0001 0000 0000 0000 0000 0001 0000 0000 0000 0000 0000 0000 0000 0000 1000 0000
0000 0000 0000 0000 0000 0000 0000 0800 0000 0000 0000 0000 0000 0200 0000 0000
1000 0000 0000 0000 0000 0020 1000 0000 0000 0000 0000 0000 0800 0000 0000 0000
0000 0000 0000 0000 0000 0000 0000 0000 0000 0000 0000 0000 0000 0000 0000 7AA3
Physical Chip 5
0000 1000 0000 0000 0000 0000 0000 0000 0000 0100 0000 0000 0000 0000 0000 0400
0000 0000 0000 0000 0000 0000 0000 0000 0000 0000 0000 0000 0000 0000 0000 0000
0000 0000 0000 0000 0000 0000 0000 0000 0100 0000 0000 0400 0000 0000 0000 0200
0000 0000 0000 0000 0000 0000 0400 0000 0000 0000 0000 0000 0000 0000 0001 0000
0000 0000 0000 0000 0000 0000 0000 0000 0000 0002 0000 0000 0000 0004 0000 0000
0000 0000 0000 0000 0080 0000 0000 0000 0000 0000 0000 0000 0000 0000 0000 0000
0000 0000 2000 0000 0000 2000 0020 0200 0000 2000 0000 0000 0000 0000 0000 0000
0000 0000 0000 0000 0000 0000 0000 0001 0000 0000 0010 0000 0000 0000 0000 0000
0000 0000 0000 0000 0000 0000 0000 0000 0000 0000 0000 0000 0000 0000 0000 0000
0000 0000 0000 0000 0000 0000 0400 0000 0000 0000 0000 0000 0000 0000 0000 0000
0000 0000 0000 0000 0000 0020 0000 0000 0000 0000 0000 0000 0002 0000 0000 0048
0000 0000 1000 0000 0000 0000 0000 0000 0000 0000 0000 0000 0000 0000 0000 0000
0000 0000 0000 0000 0004 0000 0000 0020 0000 0000 0000 0000 0000 0000 0000 0000
0000 0000 0000 0000 0000 0000 0000 0000 0000 0400 0000 0000 0000 0000 0000 0000
0000 0400 0101 0100 0000 0000 0000 0000 0000 0000 0404 0000 0000 0000 0000 0000
0000 0000 0000 0000 0000 0000 0000 0000 8000 0000 0000 0000 0000 0000 2000 FFFF
0000 0000 0002 0100 0000 0000 0000 0000 0000 0000 0000 0000 0000 0000 0040 0000
0008 0000 0100 0000 0000 0000 0000 0000 0004 0000 0000 0000 0000 0000 0000 0000
0000 0020 0000 0000 0000 0000 0000 0000 0000 0008 0000 0000 0000 0000 0000 0000
0000 0000 0000 0000 0000 0000 0000 0000 0000 0000 0000 0000 0000 0000 0000 0000
0000 0000 0000 0000 0000 0000 0000 0000 0000 0000 0000 0000 0000 0000 0000 0000
0000 0000 0000 0000 0000 0000 0000 0000 0000 0000 0000 0000 0000 0000 0000 0008
0000 0000 0000 0000 0000 0000 0000 0000 0000 0000 0000 0000 0000 0000 0000 0000
0000 0000 0040 0000 0000 0000 0000 0000 0000 0000 0000 0040 0000 0000 0008 0000
0000 0000 0000 0000 0000 0000 0000 0000 4020 0000 0000 0000 0000 0000 0000 0000
0000 8000 0000 0000 0000 0000 0000 0000 0000 0000 0000 0000 0000 0000 0000 0000
0000 0000 0002 0000 0000 0000 0000 0000 0000 0000 0000 0000 0000 0000 0000 0000
0000 0000 0000 0000 4000 0000 0000 0000 0200 0000 0000 0000 0000 0000 0000 0000
0008 0000 0000 0000 0000 0000 0000 0000 0000 0000 0000 0000 0000 0000 0000 0000
0000 0000 0000 0000 0000 0000 0080 0000 0000 0000 0000 0000 0000 0000 0000 0000
0000 0000 0000 1000 0000 0000 0000 0000 0000 0000 0000 0000 0000 0000 0000 0000
0000 0000 0000 0000 0000 0000 0000 0000 0000 0000 0000 0000 0000 0000 0000 9FFF
0000 0000 0000 0000 0000 0000 0000 0000 0000 0000 0000 0000 0000 0000 0000 0000
0000 0000 0400 0000 0000 0000 0000 0000 0000 0000 2001 0000 0000 0000 0000 0000
0000 0000 0000 0000 0100 0000 0000 0000 0000 0000 0000 0000 0000 0000 0000 0000
0000 0000 0000 0000 0000 0000 0000 0000 0000 0000 0000 0000 0000 0000 0000 0000
0000 0000 0000 0000 0000 0000 0000 0000 0000 0000 0000 0000 0004 0000 0000 0008
0000 0000 0000 0000 0000 0000 0000 0000 0000 0000 0000 0000 0020 0000 0000 0000
0000 0002 0000 0000 0000 0000 0000 0000 0000 0000 0000 0000 0000 0000 0000 0000
0000 0000 0000 0000 0000 0000 0040 0000 0000 0000 0000 0000 0000 0000 0000 0000
0000 0000 0000 0000 0000 0000 0000 0000 0000 0000 0000 0000 0000 0000 0000 0000
0000 0000 0000 0000 1000 0000 0000 8000 0000 0000 0000 0000 0000 0000 0000 0000
0000 0000 0000 0000 4000 0000 0000 0004 0000 0000 0000 0000 0000 8000 0000 0000
0000 0000 0001 0000 0000 0000 0000 0000 0000 0000 0000 0000 0000 0000 0000 0000
0000 0000 0200 0000 0000 0000 0000 0000 0000 0000 0080 0000 0000 0000 0000 0000
0000 0000 0000 0000 0000 0000 0000 0000 0000 0000 0000 0000 0000 1000 0000 0000
0000 0000 0000 0000 0000 0000 0000 0000 4000 0000 0000 0000 0000 0000 0000 0000
0000 0000 0000 0000 0000 0000 0008 0000 0000 0000 0000 0000 0000 0000 0000 FF5F
0000 0000 0000 0000 0000 0000 0000 0000 0000 0000 0000 0000 0000 0200 0002 0000
0000 0000 0040 0000 0000 0000 0000 0001 0000 0000 0000 0000 0000 0000 0200 0000
0000 0000 0000 0000 0000 0040 0000 0000 0000 0000 0000 0000 0000 0000 0000 0000
0000 0000 0000 0000 0000 0000 0000 0000 0000 0000 0000 0000 0000 0000 0000 0000
0000 0000 0000 0000 0000 8000 0000 0000 0000 0000 0000 8000 0000 0000 0000 0000
0000 0000 0000 0000 0000 0000 0000 0000 0000 0000 0000 0000 0000 0000 0000 0000
0000 0000 0000 0000 0000 0000 0000 0000 0000 0000 0000 0000 0000 0000 0000 0000
0000 0000 0000 0080 0000 0000 0000 0000 4000 0100 0000 0000 0000 0000 8000 0000
4000 0000 0000 0000 0000 0000 0000 0040 0000 0000 0000 0000 0000 0000 0000 0000
0080 0000 0000 0080 0000 0000 0000 0000 0000 0000 0000 0000 0000 0000 0000 0000
0000 0000 0000 0000 0000 0000 0000 0000 0000 0000 0000 0000 0000 0000 0000 0000
0000 0000 0000 0000 0000 0000 0000 0000 0000 0000 0000 0000 0000 0000 0010 0000
0000 0000 0000 0000 0000 0000 0000 0000 0000 0000 0000 0000 0000 0000 0000 0000
0000 0000 0000 0000 0000 0000 0000 0000 0000 0000 0000 0000 0000 0000 0000 0000
0000 0000 0000 0000 0000 0000 0000 0000 0000 0000 0000 0004 0000 0000 0100 0000
0000 0000 0000 0000 0000 0000 0000 0000 0000 0000 0000 0000 0000 0000 0000 DFFF
0000 0000 0000 0000 0000 0000 0000 0000 0000 0000 0000 0000 0020 0400 0000 0000
0000 0000 0000 0000 0000 0000 0000 0000 0000 0000 0000 0000 0000 0000 0000 0000
0000 0000 0000 0000 0000 0000 0000 0000 0000 0000 0000 8000 0000 0000 0000 0000
0000 0800 0000 0000 0000 0000 0000 0000 0000 0000 0000 0000 0000 0000 0000 0000
0000 0000 0000 0000 0000 0000 0000 0000 0000 0000 0000 0000 0000 0000 0000 0000
0000 0000 0000 0000 0000 0000 0000 0000 0000 8000 0000 0000 4000 0000 0000 0000
0000 0000 0000 0000 0000 0004 0000 0010 0000 0000 0000 0000 0000 0000 0000 0000
0000 0000 0000 0000 0000 0000 0000 0000 0000 0000 0000 0000 0000 0000 0000 0000
0000 0000 0000 0000 0000 0000 0000 0000 0000 0000 0000 0000 0000 0000 0000 0000
0200 0000 0000 0000 0000 0000 0008 0000 0000 0000 0000 0000 0000 0000 0000 0000
0000 0000 0000 0000 0000 0020 0000 0000 0800 0000 0000 0000 0000 0000 0008 0000
0000 0000 0000 0000 0000 0000 0000 0000 0000 0000 8000 0000 0000 0000 0000 0000
0000 0000 0000 0000 0000 0000 0000 8000 0000 0000 0000 8040 0000 0000 0000 0000
0000 0000 0000 0000 0000 0000 0000 0000 0000 0000 0000 0000 0000 0000 0002 0000
0000 0000 0000 0000 0000 0000 0000 0000 4000 0000 0000 0000 0000 0000 0000 0000
0000 2000 0000 0000 0000 0000 0000 0000 0004 4000 0000 0000 0000 0000 0000 BFFB
0000 0000 0000 0000 0000 0000 0000 0000 0000 0000 0000 0000 0000 0002 0000 0000
0000 0000 0000 0000 0000 0000 0000 0000 0000 0000 0000 0000 0000 0000 0200 0000
0000 0000 0000 0000 0000 0000 0000 0000 0000 0000 0000 0000 0000 4000 0000 0000
0000 0000 0000 0000 0000 1000 0000 0000 0000 0000 0002 1000 0000 0000 0000 0000
0000 0000 0000 0002 0000 0000 0000 0000 0000 0000 0000 0000 0001 0000 0000 0000
0000 1000 0000 0000 0000 0000 0000 0000 0000 0000 0000 0000 0000 0000 0000 0400
0000 0000 0000 0000 0000 0000 0000 0000 0000 0000 0000 0000 0200 0000 0000 0000
0000 0000 0000 0000 0000 0000 0000 0000 0000 0000 0000 0000 0000 0000 0000 0000
0000 0000 0000 0000 0000 0000 0000 0000 0000 0000 0000 0000 0000 4000 0004 0000
0000 0000 0000 0000 0000 0000 0000 0000 0040 0000 0000 0000 0000 2000 0000 0000
0000 0200 0000 0000 0000 0000 0001 0000 0000 0000 0000 0000 0000 0000 0010 0000
0000 0000 0000 0000 0000 0000 0000 0000 0000 0000 0000 0000 0000 0000 0000 0200
0000 0000 0000 0000 0000 0000 0000 0040 0000 0000 0000 0800 0000 0000 0000 0000
0000 0000 0000 0040 0000 0000 0000 0000 0000 0000 0000 0000 0000 0000 0000 0000
0001 0000 0000 0000 0000 0000 0000 0000 0000 0000 0000 0000 0000 0000 0000 0000
0000 0000 0000 0000 0000 0000 0000 0000 0000 0000 0000 0000 0000 0000 0000 DFDB
0000 0000 0000 0000 0000 0000 0000 0000 0000 0000 0000 0100 0000 0000 0000 0000
0000 0000 0000 0000 0000 0000 0000 0000 0000 0000 0000 0000 0000 0000 0000 0000
0000 0000 0000 0000 0000 0000 0000 0000 0040 0000 0000 0000 0200 0000 0000 0000
0000 0000 0000 0000 0000 0000 0000 0000 0000 0000 0000 0000 0000 0000 0000 0000
0000 0000 0000 0000 0000 0000 0000 0000 0000 0000 0000 0000 0000 0000 0000 0000
0000 0000 0000 0000 0000 0000 0000 0000 0000 0000 0008 0000 0000 0000 0100 0080
0000 0000 0000 0000 0000 0000 0000 0000 0000 0400 0000 0000 0000 0000 0000 0000
0000 0000 0000 0000 0000 0010 0000 0000 0000 0000 0000 0000 0800 0000 8000 0000
0000 0000 0000 0000 0000 0000 0000 0000 0000 0000 0000 0000 0000 0000 0000 0000
0000 0000 0000 0000 0000 0000 0080 0000 0000 0000 0000 0000 0000 0000 0000 8000
0000 0000 0000 0000 0000 0000 0000 0000 0000 0000 0000 0000 0000 0000 0000 0000
0000 0000 0000 2000 0000 0000 0000 0000 0000 0000 0000 0000 0000 0000 0000 0000
0000 0000 0000 0000 0000 0000 0000 1000 0000 0000 0000 0000 0000 0000 0400 0000
0000 0000 0000 0000 0000 0000 0000 0000 0000 0000 0000 0000 0000 0000 0000 0000
0040 0000 0000 0000 0000 8000 0000 0000 0002 1001 0000 0000 0000 0000 0000 0000
0000 0000 0000 0000 0000 0000 0000 0000 0000 0000 0000 0000 0000 0000 0000 FEFB
0000 0000 0000 0000 0000 0000 0000 0000 0000 0000 0000 0000 0000 0000 0000 0000
0000 0000 0000 0000 0000 0000 0000 0000 0000 0000 0000 0000 0000 0000 0000 0000
0000 0000 0000 0000 0000 0000 0000 0000 0000 0000 0000 0000 0000 0000 0000 0000
0000 0000 0000 0000 0000 0000 0100 0000 0000 0000 0000 0000 0000 0000 0000 0000
0000 0000 0000 0000 0000 0000 0000 0000 0000 0000 0000 0000 0000 0000 0000 0000
2000 0000 0000 0001 0000 0000 0000 0000 0000 0000 0000 0000 0000 0000 0000 0000
0080 0000 0000 0000 0000 0000 0000 0000 0000 0000 0000 0000 0000 0000 0000 0000
0000 0000 0000 0000 0000 0000 0000 0000 0000 0000 0000 0000 0000 0000 0000 0000
0000 0000 0000 0000 0200 0000 0000 0000 0000 0000 0000 0000 0080 0000 0000 0000
0000 0000 0000 0000 0000 0000 0000 0000 0000 4000 0000 0000 0000 0000 0000 0000
0000 0000 0000 0000 0000 0000 0000 0000 0000 0000 0000 0000 0000 0000 0000 0000
0000 0000 0000 0000 0000 0000 0000 2000 0000 0000 0000 0000 0000 0000 0000 0200
0000 0000 0000 0000 0001 0000 0000 0000 0000 0000 0000 0000 0000 0000 0000 0000
0000 0000 0000 1000 4000 0000 0000 0000 0000 0000 0000 0000 0000 0200 0000 0000
0000 0000 0000 0000 0000 0000 0000 0000 0000 0000 0000 0000 0000 0000 0000 0000
0000 0000 0000 0000 0000 0080 0000 0000 0000 0000 0000 0000 0000 0000 0000 B0FF
Physical Chip 6
0000 0000 0000 0000 0000 0000 0000 0000 0000 0000 0000 0000 0000 0000 0000 0000
0000 0000 0000 0000 1000 0002 0000 0020 0000 0000 0001 0000 0000 0000 0000 0000
0000 0000 0000 0200 0000 0000 0000 0000 0000 0000 0000 0000 4000 0000 0000 0000
0000 0000 0000 0000 0000 0000 0000 0000 0000 0000 0000 0000 0000 0000 0000 0000
0000 0010 0000 0000 0000 0000 0000 0000 0000 0000 0000 0000 0400 0000 0000 0000
0000 0000 0000 0000 0000 0000 0000 0000 0000 0000 0000 0000 0000 0000 0000 0000
0000 0000 0000 0000 0000 0000 0000 0000 0000 0000 8000 0000 0000 0000 0000 0000
0000 0000 0000 0000 0000 0000 0000 0000 0000 0000 0000 0000 0000 0000 0000 0000
0000 0000 0000 0000 0000 0000 0800 0000 0000 0000 0000 0000 0000 0000 0000 0000
0400 0000 0000 0000 0000 0000 0000 0800 0000 8000 0000 0000 0000 0000 0000 0000
0000 0000 0000 0000 0000 0000 0000 0000 0000 0000 0000 0000 0000 0000 0000 4000
0000 0000 0000 0000 0000 0000 0000 0000 0000 0000 0000 0000 0000 0000 0000 0000
0000 0000 1000 0000 0000 0000 8000 0020 0000 0000 0004 0000 0000 0000 0000 0000
0000 0000 0000 0000 0100 0000 0000 0000 0000 0080 0000 0000 0000 0000 0001 0000
0000 0000 0000 0000 0000 0000 0040 0000 0000 0000 0000 0000 0000 0000 0001 0000
0000 0000 0000 0080 0000 0000 0040 0020 0000 0000 0000 0000 0100 0000 0000 FEEF
0000 0000 0000 0000 0000 0000 0000 0000 0000 8000 0000 0000 0000 4000 0000 0000
0000 0000 0000 0000 0000 0000 0004 0000 0000 0804 0000 0000 0080 0400 0000 0000
0000 0000 0000 0000 0000 0000 0000 0000 0000 0080 0000 0000 0000 0040 0000 0000
0000 0000 0000 0000 0000 0000 0000 0000 0000 0000 0000 0000 0000 0000 0000 0000
0000 0000 0010 0000 0000 0000 0000 0000 0000 0000 0000 0000 8000 0000 0010 0000
0000 0000 0000 0000 1000 0000 0000 0000 0000 0000 0000 0000 0000 0000 0000 0000
0000 0000 0000 0000 0000 0000 0000 0000 0000 0000 0000 0020 0000 0000 0000 0000
0000 0000 0000 0000 0000 0000 0000 0000 0000 0000 0000 0000 0000 0000 0000 0000
0000 0000 0000 0000 0000 0000 0000 0000 0000 0000 0000 0000 0000 0000 0001 0000
0000 0000 0000 0000 0000 0000 0000 0000 0000 0000 0000 0000 0000 0010 0000 0000
0000 0000 0000 0000 0000 0080 0000 0000 0000 0000 0000 0000 0000 0000 0010 0000
0000 4000 0000 0000 0000 0000 0000 1000 0000 0000 0000 0000 0010 0000 0000 0000
0000 0000 8000 0000 0020 0000 0000 0000 0000 0000 0000 0000 0000 0000 0000 0000
0000 1000 0000 0000 0000 0000 0000 0000 0000 0000 0000 0000 0000 0000 0000 0000
0000 0000 0000 0000 0000 0000 0000 0000 0000 0000 0000 0000 0000 2000 0000 0200
0000 0000 0000 0000 0000 0400 0010 0000 0000 0000 0000 0000 0000 0000 0000 F7DC
0000 0000 0000 0000 8000 0000 0000 0000 0000 0000 0000 0000 0000 0000 0000 0000
0000 0000 0000 0000 0000 0000 0000 0000 0000 0000 0000 0000 0000 0000 0000 0040
0000 0000 0000 0000 0000 0000 0000 0000 0000 0000 0000 0000 0000 0020 0000 0000
0000 0020 0000 0000 0000 0000 0000 0000 0000 0000 0000 0000 0000 0000 0000 0000
0000 0000 0000 0000 0000 0000 0100 0000 0000 0000 0000 0000 0000 0000 0000 0000
0000 0000 0000 0000 0000 0000 0000 0000 0000 0000 0000 0000 0000 0000 0001 0000
0000 0000 0000 0000 0401 0000 0000 0000 0000 2000 0000 0000 0000 0000 0000 0000
0000 0000 0000 0000 0000 0000 0000 0000 0000 0000 0000 0000 0000 0010 0000 0200
0000 0040 0000 0000 0000 0040 0000 0000 0000 0000 0000 0000 0000 0000 0000 0000
0000 0000 0000 0000 0000 0000 0000 0000 0000 0000 0000 0000 0020 0000 0080 0000
0000 0000 0000 0000 0000 0000 0000 0000 0000 0000 0000 0000 0000 0000 0000 0000
0000 0000 0000 0000 0000 0000 0000 0000 0000 0000 0000 0000 0000 0000 0000 0000
0000 0000 0000 0000 0000 0000 0000 0000 0000 0000 0000 0000 0000 0000 0020 0000
0000 0000 0000 0000 0000 0000 0000 0000 0000 0000 0000 0000 0000 0000 0000 0000
0006 0000 0000 0000 0000 0000 0000 0001 0000 0008 0000 0000 0000 0000 0000 0080
0000 0000 0000 0000 0000 0000 0000 0000 0000 0000 0000 0000 0000 0000 0000 BFFF
0000 0000 0000 0008 0000 0000 0000 0000 0001 0000 0000 0000 0000 0000 0000 0000
0000 0000 0000 0000 0048 0000 0000 0000 0000 0000 0000 0000 0000 0000 0000 0000
0000 0000 0000 0000 4000 0000 0000 0000 0000 0000 0000 0000 0000 0000 0000 0000
0000 0000 0000 0000 0000 0000 0000 0000 0000 0000 0000 0000 0000 0010 0000 0000
0000 0000 0000 0000 0000 0000 0000 0000 0000 0000 0000 0000 0000 0000 0000 0000
0000 0000 0000 4000 0000 0000 0000 0000 0000 0000 0000 0000 0000 0000 0000 0000
1010 0000 0000 0000 0000 0000 0000 0000 0000 0000 0000 0000 0000 0000 0000 0001
1000 0000 0000 0000 0000 0000 0000 0000 0000 0000 0000 0000 0000 0000 0000 0000
0002 0000 0000 0000 0000 0000 0000 0000 0000 8000 0000 0000 0000 0400 0400 0000
0000 0000 0000 0000 0000 0000 0000 0000 0000 0000 0000 0000 0000 0000 0001 1000
0000 0000 0000 0000 0000 0000 0000 0020 0000 0000 2000 0000 0000 0000 0000 0800
0000 0000 0000 0000 0000 0000 0000 0000 0000 0000 0000 0000 0000 0000 0000 0000
0000 0000 0000 0000 0000 0000 0000 0000 0000 0000 0000 0000 0000 0000 0000 0000
0000 0000 0000 0000 0000 0000 0000 0000 0000 0000 0010 0000 0000 0000 0000 0000
0000 0000 0000 0000 0000 1000 0000 0000 0000 8001 0000 0000 4000 0000 0000 0400
0000 0000 0000 0000 0000 0000 0000 4000 0000 0000 0000 0000 0000 0000 0000 FFFF
0000 0000 0000 0000 0000 0000 0000 0000 0000 0000 0000 0000 0000 0000 0000 0000
0000 0000 0000 0000 0000 0000 0000 0000 0040 0000 0000 0000 0000 0000 0100 0000
0000 0000 0000 0000 0000 0000 0000 0000 0000 0000 0040 0000 0000 0000 0000 0008
0000 0000 0000 0000 0000 0000 0000 0000 0000 0000 0000 0000 0000 0000 0000 0000
0000 0100 0000 0000 0000 0000 0000 0000 0000 0000 0000 0000 0000 0000 0008 0000
0000 0000 0000 0000 0000 0000 0000 0000 0000 0000 0000 0000 0000 0010 0000 0000
0020 0000 0000 0000 0000 0000 0000 0000 0000 0000 0000 0000 0000 0000 0000 0000
0002 0000 0000 0000 0000 0000 0000 0000 0000 0000 0000 0000 0000 0000 0000 0000
2000 0000 0000 0000 0000 0000 0000 0000 0000 0000 0000 0000 0000 0000 1000 0000
0000 0000 0010 0000 0000 0000 0000 0000 0000 0000 0000 0000 0000 0000 0000 0000
0000 0000 0000 0000 0000 0000 0000 2000 0020 0000 0000 0000 0000 0000 0000 0000
0000 0000 0000 0000 0000 0000 0000 0000 0000 0000 2000 0000 0000 0000 0000 0000
0000 0000 0000 0000 0000 0000 0000 0000 0000 0000 0000 0000 0000 4000 0000 0000
0400 0000 0000 0000 0000 0000 0000 0000 0000 0000 0000 0000 0000 0000 0080 0000
0000 0000 0000 0000 0000 0000 0000 0000 0000 0000 0000 0000 0000 0000 8000 0000
0000 0000 0000 0000 0000 0000 0000 0000 0000 0000 0000 0000 0000 0000 0000 BFFF
0000 0000 0000 0000 0000 0000 0000 0000 0000 0000 0000 0000 0000 0000 0000 0000
0000 0000 0000 0000 0000 0000 0004 0000 0000 0000 0000 0000 0000 0000 0000 0000
0000 0000 8000 0000 0000 0000 0000 0000 0000 0000 0000 0000 0000 0000 0000 0000
0000 0000 0000 0000 0000 0000 0000 0000 0000 0000 0000 0000 0000 0000 0000 0000
0000 0000 0000 0000 0000 0000 0000 0000 0000 0000 0000 0000 0000 0000 0000 0000
0000 0000 0000 0000 0000 0000 0000 0000 0000 0000 0000 0000 0000 0000 0000 0200
0000 2000 0000 0000 0000 0000 0000 0000 0000 0000 0000 0000 0000 0000 0000 0000
0000 0000 0000 0000 0000 0000 0000 0000 0000 8000 0000 0000 0000 0000 0000 0000
0000 8000 0001 0000 0000 0000 0000 0000 0200 0000 0000 0000 0000 0000 0000 0000
0000 0000 0000 0000 0000 0000 0000 0000 0000 0000 0000 0000 0000 0000 0000 0000
0000 0000 0000 0000 0000 0000 0000 0000 0000 0000 0800 0000 0000 0000 0000 0000
0000 0000 0000 0000 0000 0000 0000 0000 0000 0000 0000 0000 0000 0000 0000 0000
0000 0400 0000 0000 0000 0000 0000 0000 0000 0000 0000 0000 0000 0000 0000 0000
8000 0000 0000 0000 0000 0000 0000 0000 0000 0000 0000 0000 0400 0000 0000 0000
0000 0000 8000 0000 0000 0000 0000 0000 0000 0000 0000 0000 0000 0000 0000 0000
0000 0800 0000 0000 0000 0000 0000 0000 0000 0000 0000 0000 0000 0000 0000 EAEF
0000 0000 0000 0000 0000 0000 0020 0000 0000 0000 0000 0000 0000 0000 0000 0000
0000 0000 0000 0000 0000 0000 0100 0000 0000 0000 0001 0000 0000 0000 0000 0000
0000 0000 0000 0001 0000 0010 0000 0000 0000 0000 0000 0000 8000 0000 0000 0000
0000 0000 0000 0000 0000 0000 0000 0200 0000 0000 0000 0000 0000 0000 0000 2000
0000 0000 0000 0000 0000 0000 0000 0000 0000 0000 0000 0000 0000 0000 0000 0000
0000 0002 0000 0000 0000 0000 0200 0000 0000 0000 0000 0000 0400 0000 0000 0000
0000 0000 0000 0004 0000 0000 0000 0000 0000 0000 0000 0000 0000 0000 0000 0000
0000 0000 0000 0000 0000 0000 0000 0000 0000 0000 0000 0000 0000 0000 0000 0000
0000 0000 0000 0000 0000 0000 4000 0000 0000 0000 0000 0000 0000 0000 0000 0000
0000 0000 0000 0000 0200 0000 0000 0000 0000 0040 0000 0000 1000 0000 0000 0000
0000 2000 0000 0100 0000 0000 0000 0000 0000 0000 0040 0000 0000 0000 0000 0000
0000 0000 0000 0000 0000 0000 0000 0000 0000 0000 0000 0000 0000 0000 0000 0000
0000 0000 0000 0000 0000 0000 0000 0000 0000 0001 0000 0000 0000 0020 0000 0000
0000 0000 0000 0000 0000 8000 0000 0000 0000 0000 0000 0000 0000 0000 0000 0000
0000 0004 0000 0002 0000 0000 0000 0000 0000 0000 0000 0000 0000 0000 0000 0000
0000 0000 0000 0000 0000 0000 0000 0080 0000 0000 0000 0000 0000 0000 0000 F3DF
0000 0000 0000 0000 0000 0000 0000 0000 0000 0000 0000 0000 0000 0000 0000 0000
0000 0000 0000 0000 0000 0000 0000 0000 0000 2000 0000 0000 0000 0000 0000 0000
0000 0000 0000 0000 0000 0000 0000 0000 0000 0000 0000 0000 0000 0000 0000 0000
0000 0000 0000 0000 0000 0000 0000 0000 0002 0000 2000 0000 0000 0000 0000 0000
0000 0000 0000 0000 0000 0000 0000 0000 0000 0000 0000 0000 0000 0000 0000 0000
0000 0208 0000 0000 0000 0000 0000 0000 0008 0000 0000 0000 0000 0000 0000 0000
0000 0080 0000 0000 0000 0000 0000 0100 0000 0000 0000 0000 0000 0000 0000 0000
0000 0000 0000 0000 0000 0000 0000 0000 0000 0000 0000 0000 0000 0000 0000 0000
0000 0000 0000 0000 0000 0000 0000 0000 0000 0000 0000 0000 0000 0000 0000 0000
0000 0000 0000 0000 0000 0001 0000 0000 0004 0000 0000 0002 0000 0000 0000 0000
0000 0000 0000 0000 0000 0000 0000 0000 0000 0000 0000 0000 0000 0000 0000 9000
0000 0000 0000 0000 0000 0000 0000 0000 0000 0000 0000 0000 0000 0000 0000 0000
0000 1000 0000 0000 0000 0000 0000 0000 0000 0000 0020 0000 0000 0000 0000 0000
0000 0000 0000 0000 0000 0000 0000 0000 0000 0000 0000 0000 0000 0000 0000 0000
0000 0000 0000 0000 0000 0000 0000 0000 0000 0000 0000 0000 0000 0000 0000 0010
0000 0000 0000 0000 0000 0000 0800 0000 0000 0000 0000 0000 0000 0000 0000 78FE
Physical Chip 7
FFFF FFFF FFFF FFFF FFFF FFFF FFFF FFFF FFFF FFFF FFFF FFFF FFFF FFFF FFFF FFFF
FFFF FFFF FFFF FFFF FFFF FFFF FFFF FFFF FFFF FFFF FFFF FFFF FFFF FFFF FFFF FFFF
FFFF FFFF FFFF FFFF FFFF FFFF FFFF FFFF FFFF FFFF FFFF FFFF FFFF FFFF FFFF FFFF
FFFF FFFF FFFF FFFF FFFF FFFF FFFF FFFF FFFF FFFF FFFF FFFF FFFF FFFF FFFF FFFF
FFFF FFFF FFFF FFFF FFFF FFFF FFFF FFFF FFFF FFFF FFFF FFFF FFFF FFFF FFFF FFFF
FFFF FFFF FFFF FFFF FFFF FFFF FFFF FFFF FFFF FFFF FFFF FFFF FFFF FFFF FFFF FFFF
FFFF FFFF FFFF FFFF FFFF FFFF FFFF FFFF FFFF FFFF EFFF FFFF FFFF FFFF FFFF FFFF
FEFF FFFF FBFF FFFF FFFF FFFF FFFF FFFF FFFF FFFF FFFF FFFF FFFF FFFF FFFF FFFF
FFFF FFFF FFFF FFFF FFFF FFFF FFFF FFFF FFFF FFFF FFFF FFFF FFFF FFFF FFFF FFFF
FFFF FFFF FFFF FFFF FFFF FFFF FFFD FFFF FFFF FFFF FFFF FFFF FFFF FFFF FFFF FFFF
FFFF FFFF FFFF FFFF FFFF FFFF FFFF FFFF FFFF FFFF FFFF FFFF FFDF EFFF FFFF FFFF
FFFF FFFF FFFF FFFF FFFF FFFF FFFF FFFF FFFF FFFF FFFF FFFF FFFF FFFF FFFF FFFF
FFFF FFFF FFFF FFFF FFFF FFFF FFFF FFFF FFFF DFFF FFFF FFFF FFFF FFFF FFFF FFFF
FFFF FFFF FFFF FFFF FFFF FFFF FFFF FFFF FFFF FFFF FFFF FFFF FFBF FFFF FDFF FFFF
FFFF FFFF FFFF FFFF F7FF FFFF FFFF FFFF FFFF FFFF FFFF FFFF FFFF FFFF FFFF DFFF
FFFF FFFF FFFF FFFF FFFF FFFF FFFF FFFF FFFF FFFF FFFF FFFF FFFF FFFF FFFF FFFF
FFFF FFFF FFFF FFFF FFFF FFFF FFFF FFFF FFFF FFFF FFFF FFFF FFFF FFFF FFFF FFFF
FFFF FFFF FFFF FFFF FFFF FFFF FFFF FFFF FFFF FFFF FFFF FFFF FFFF FFFF FFFF FFFF
FFFF FFFF FFFF FFFF FFFF FFFF FFFF FFFF FFFF FFFF FFFF FFFF FFFF FFFF FFFF FFFF
FFFF FFFF FFFF FFFF FFFF FFFF FFFF FFFF FFFF FFFF FFFF FFFF F7FF FFFF FFFF FFFF
FFFF FFFF FFFF F7FF FFFF FFFF FFFF FFFF FFFF FFFF FFFF FFFF FFFF FFFF FFFF FFFF
FFFF FFFF FFFF FFFF FFFF FFFF FFFB FFFF FFFF FFFF FFFF FFFF FFFF FFFF FFFF FFFF
FFFF FFFF FFFF FFFF FFFF FFFF FFFF FFFF FFFF FFFF FFFF FFFF FFFF FFFF FFFF FFFF
FFFF FFFF FFFF FFFF FFFF FFFF FFFF FFFF FFFF FFFF FFFF FFFF FFFF FFFF FFFF FFFF
FFFF FFFF FFFF FFFF FFFF FFFF DFFF FFFF FFFF FFFF FFFF FFFF FFFF FFFF FFFF FFFF
FFFF FFFF FFFF FFFF FFFF FFFF FFFF FFFF FFFF FFFF FFFF FFFF FFFF FFFF FFFF FFFF
FFFF FFFF FFFF FFFF FFFF FFFF FFFF FFFF FFFF FFFF FFFF FFFF FFFF FFFF FFFF FFFF
FFFF FFFF FFFF FFFF FFFF FFFF FFFF FFFF FFFF FFFF FFFF FFFF FFFF FFFF FFFF FFFF
FFFF FFFF FFFF FFFF FFFF FFFF FFFF FFFF FFFF FFFF FFFF FFFF FFFF FFFF FFFF FFFF
FFFE FFFF FFFF FFFF FFFF FFFF FFFF FFFF FFFF FFFF FFFF FFFF FFFF FFFF FFFF FFFF
FFFF FFFF FFFF FFFF FFFF FFFF FFFF FFFF FFFF FFFF FFFF FFFF FFFF FFFF BFFF FFFF
FFFF FFFF FFFF FFFF FFFF FFFD FFFF FFFF FFFF FFFF FFFF FFFF FFFF FFFF FFFF FFFF
FFFF FFFF FFFF FFFF FFFF FFFF FFFF FFFF FFFF FFFF FFFF FFFF FFFF FFFF FFFF FFFF
FFFF FFFF FFFF FFFF FFFF FFFF FFFF FFFF FFFF FFFF FFFF FFFF FFFF FFFF FFFF FFFF
FFFF FFFF FFFF FFFF FFFF FFFF FFFF FFFF FFFF FFFF FFFF FFFF FFFF EFFF FFFF FFFF
FFFF FFFF FFFF FFFF FFFF FFFF FFFF FFFF FFFF FFFF FFFF FFFF FFDF FFFF FFFF FFFF
FFFF FFFF FDFF FFFF FFFF FFFF FFFF FFFF FFFF FFFF FFFF FFFF FFFF FFFF FBFF FFFF
FFFF FFFF FFFF FFFF FFFF FFFF FFFF FFFF FFFF FFFF FFFF FFFF FFFF FFFF FFFF FFFF
FFFF FFFF FFFF FFFF FFFF FFFF FFFF FFFF FFFF FFFF FFFF FFFF FFFF FFFF FFFF FFFF
FFFF FFFF FFFF FFFF FFFF FFFF FFFF FFBF FFFF FFFF FFBF FFFF FFFF FFFF FFFF FFFF
FFFF FFFF FFFF FFFF FFFF FFFF FFFF FFFF FFFF FFFF FFFF FFFF FFFF FFFF FFFF FFFF
FFFF FFFF FFFF FFFF FFFF FFFF FFFF FFFF FFFF FFFF FFFF FFFF FFFF FFFF FFFF FFFF
FFFF FFFF FFFF FFFF FFFF FFFF FFFF FFFF FFFF FFFF FFFF FFFF FFFF FFFF FFFF FFFF
FFFF FFFF FFFF FFFF FFFF FFFF FFFF FFFF FFFF FFFF FDFF FFFF FFFF FFFF FFFF FFFF
FFFF FFFF FFFF FFFF FFFF FFDF FFFF FFBF FFFF FFFF FFFF FFFF FFFF FFFF FFFF FFFF
FFFF FFFF FFFF FFFF FFFF FFFF FFFF FFFF FFFF FFFF FFFF FFFF FFFF FFFF FFFF FFFF
FFFF FFFF FDFF FFFF FFFF FFFF FFFF FFFF FFFF FFFF FFFF FFFF FFFF FFFF FFFF FFFF
FFFF FFFF FFFF FFFF FFFF FFFF FFFF FFFF FFFF FFFF FFFF FFFF FFFF FFFF FFFF FFFF
FFFF FFFF FFFF FFFF FFFF FFFF FFFF FFFF FFFF FFFF FFFF FFFF FFFF FFFF FFFF FFFF
FFFF FFFF FFFF FFFF FFFF FFFF FFFF FFFF FFFF FFFF FFFF FFFF FFFF FFFF FFFF FFFF
FFFF FFFF FFFF FFFF FFFF FFFF FFFF FFFF FFFF FFFE FFFF FFFF FFFF FFFF FFFF FFFF
FFFF FFFF FFFF FFFF FFFF FFFF FFFF FFFF FFFF FFFF FFFF FFFF FFFF FFFF FFFF FFFF
FFFF FFFF FFFF FFFF FFFF FFFF FFFF FFFF FFFF FFFF FFFF BFFF FFFF FFFF FFFF FFFF
FFFF FFFF FFFF FFFF FFFF FFFF FFFF FFFF FFFF FFFF FFFF FFFF FFFF 7FFF FFFF FFFF
FFFF FFFF FFFF FFFF FFFF FFFF FFFF FFFF FFFF FFFF FFFF FFFF FFFF FFFF FFFF FFFF
FFFF FFFF FFFF FFFF FFFF FFFF FFFF FFFF FFFF FFFF FFFF FFFF FFFF FFFF FFFF FFFF
FFFF FFFF FFFF FFFF FFFF FFFF FFFF FFFF FFFF FFFF FFDF FFFF FFFF FFFF FFFF FFFF
FFFF FFFF FFFF FFFF FFFF FFFF FFFF EFFF FFFF FFFF FFFF FFFF FFFF FFFF FFFF FFFF
FFBF FFFF FFFF FFFF FFFF FFFF FFFF FFFF FFFF FFFF FFFF FFFF FFFF FFFF FFFF DFFF
FFFF FFFF FFFF FFFF FFFF FFFF FFFF FFBF FFFF FFFF FFFF FFFF FFFF FFFF FFFF FFFF
FFFF FFFF FFFF FFFF FFFF FFFF FFFF FFFF FFFF FFFF FFFF FFFF FFFF FFFF FFFF FFFF
FFFF FFFF FFFF FFFF FFFF FFFF FFFF FFFF FFFF FFFF FFFF FFFF FFFF FFFF FFFF FFFF
FFFF FFFF FFFF FFFF FFFF FFFF FFFF FFFF FFFF FFFF FFFF FFFF FFFF FFFF FFFF FFFF
FFFF FFFF FFFF FFFF FFFF FFFF FFFF FFFF FFFF FFFF FFFF FFFF FFFF FFFF FFFF FFFF
FFFF FFFF FFFF FFFF FFFF FFFF FFFF FFFF FFFF FFFF FFFF FFFF FFFF FFFF FFFF FFFF
FFFF FFFF FFFF FFFF FFFF FFFF FFFF FFFF FFFF FFFF FFFF FFFF FFFF FFFF FFFF FFFF
FFFF FFFF FFFF FFFF FFFF FFFF FFFF FFFF FFFF FFFF FFFF FFFF FFFF FFFF FFFF FFFF
FFFF FFFF FFF7 FFFF FFFF FFFF FFFF FFFF FFFF FFFF FFFF FFFF FFFF FFFF FFFF FFFF
FFFD FFFF FFFF FFFF FFFF FFFF FFFF FFFF FFFF FFFF FFFF FFFF FFFF FFFF FFFF FFFF
FFFF FFFF FFFF FFFF FFFF FFFF FFFF FFFF FFFF FFFF FFFF FFFF FFFF FFFF FFFF FFFF
FFFF FFFF FFFF FFFF 7FFF FFFF FFFF FFFF FFFF FFFF FFFF FFFF FFFF FFFF FFFF FFFF
FFFF FFFF FFFF FFFF FFFF FFFF FFFF FFFF FFFF FFFF FFFF FFFF FFFF FFFF FFFF FFFF
FFFF FFFF FFFF FFFF FFFF FFFF FFFF FFFF FFFF FFFF FFFF FFFF FFFF FFFF FFFF FFFF
FFFF FFFF FFFF FFFF FFFF FFFF FFFF FFFF FFFF FFFF FFFF FFFF FFFF FFFF FFFF FFFF
FFFF FFFF FFFF FFFF FFFF FFFF FFFF FFFF FFFF FFFF FFFF FFFF FFFF FFFF FFFF FFFF
FFFF FFFF FFFF FF7F FFFF FFFF FFFF FFFF FFFF FFFF FFFF FFFF FFFF FFFF FFFF FFFF
FFFF FFFF FFFF FFFF FFFF FFFF FFFF FFFF FFFF FFFF FFFF FFFF FFFF FFFF FFFF FFFF
FFFF FFFF FFFF FFFF FFFF FFFF FFFF FFFF FFFF FFFF FFFF FFFF FFFF FFFF FFFF FFFF
FFFF FFFF FFFF FFFF FFFF FFFF FFFF FFFF FFFF FFFF FFFF FFFF FFFF FFFF FFFF FFFF
FFFF FFFF FFFF FFFF FFFF FFFF FFFF FFFF FFFF FFFF FFFF FFFF FFFF FFFF FFFF FFFF
FFFF FFFF F7FF FFFF FFFF FFFF FFFF FFFF FFFF FFFF FFFF FFFF FFFF FFFF FFFF FFFF
FFFF FFFF FFFF FFFF FFFF FFFF FFFF FFFF FFFF FFFF FFFF FFFF FFFF FFFF FFFF FFFF
FFFF FFFF FFFF FFFF FFFF FFFF FFBF FFFF FFFF FFFF FFFF FFFF FFFF FFFF FFFF FFFF
FFFF FFFF FFFF FFFF FFFF FFFF FFFF FFFF FFFF FFFF FFFF FFFF FFFF FFFF FFFF FFFF
FFFF FFFF FFFF FFFF FFFF FFFF FFFF FFFF FFFF FFFF FFFF FFFF FFFF FFFF FFFF FFFF
FFFF FFFF FFFF FFFF FFFF FFFF FFFF FFFF FFFF FFFF FFFF FFFF FFFF FFFF FFFF FFFF
FFFF FFFF FFFF FFFF FFFF FFFF FFFF FFFF FFFF FFFE FFFF FEFF EFFF FFFF FFFF FFFF
FFFF FFFF FFFF FFFF FFFF FFFF FFFF FFFF FFFF FFFF FFFF FFFF FFFF FFFF FFFF FFFF
FFFF FFFF FFFF FFFF FFFF FFFF FFFF FFFF FFFF FFFF FFFF FFFF FFFF FFFF FFFF FFFF
FFFF FFFF FFFF FFFF FFFF FFFF FFFF FFFF FFFF FFFF FFFF FFFF FFFF FFFF FFFF FFFF
FFFF FFFF FFFF FFFF FFFF FFFF FFFF FFFF FFFF F7FF FFFF FFFF FFFF FFFF FFFB FFFF
FFFF FFFF FFFF FFFF FFFF FFFF FFFF FFFF FFFF FFFD FFFF FFFF FFFF FFFF FFFF FFFF
FFFF FFFF FFFF FFFF FFFF FFFF FFFF FFFF FFFF FFFF FFFF FFFF FFFF FFFF FFFF FFFF
FFFF FFFF FFFF FFFF FFFF FFFF FFFF FFFF FFFF FFFF FFFF DFFF FFFF FFFF FFFF FFFF
FFFF FFFF FFFF FFFF FFFF FFFF FFFF FFFF FFFF FFFF FFFF FFFF FFFF FFFF FFFF FFFF
FFFF FFFF FFFF FFFF FFFF FFFF FFFF FFFF FFFF FFFF FFFF FFFF FFFF FFFF FFFF FFFF
FFFF FFFF FFFF FFFF FFFF FFFF FFFF FFFF FFFF FFFF FFFF FFFF FFFF FFFF FFFF FFFF
FFFF FFFF FFFF FFFF FFFF FFFF FFFF FFFF FFFF FFFF FFFF FFFF FFFF FFFF FFFF FFFF
FFFF FFFF FFFF FFFF FFFF FFFF FFFF FFFF FFFF FFFF FFFF FFFF FFFF FFFF FFFF FFFF
FFFF FFFF FFFF FFFF FFFF FFFF FFFF FFFF FFFF FFFF FFFF FFFF FFFF FFFF FFFF FFFF
FFFF FFFF FFFF FFFF FFFF FFFF FFFF FFFF FFFF FFFF FFFF FFFF FFFF FFFF FFFF FFFF
FFFF FFFF FFFF FFFF FFFF FFFF FFFF FFFF FFFF FFFF FFFF FFFF FFFF FFFF FFFF FFFF
FFFF FFFF FFFF FFFF FFFF FFFF FFFF FFFF FFFF FFFF FFFF FFFF FFFF FFFF FFFF FFFF
FFFF FFFF FFFF FFFF FFFF FFFF FFFF FFFF FFFF FFFF FFFF FFFF FFFF FFFF FFFF FFFF
FFFF FFFF FFFF FFFF FFFF FFFF FFFF FFFF FFFF FFFF FFFF FFFF FFFF FFFF FFFF FFFF
FFFF FFFF FFFF FFFF FFFF FFFF FFFF FFFF FFFF FFFF FFFF FFFF FFFF FFFF FFFF FFFF
FFFF FFFF FFFF DFFF FFFF FFFF FFFF FFFF FFFF FFFF FFFF FFFF FFFF FFFF FFFF FFFF
FFFF FFFF FFFF FFFF FFFF FFFF FFFF FFFF FFFF FFFF FBFF FFFF FFFF FFFF FFFF FFFF
FFFF FFFF FFFF FFFF FFFF FFFF DFFF FFFF FFFF FFFF FFFF FFFF FFFF FFFF FFFF FFFF
FFFF FFFF FFFF FFFF FFFF FFFF FFFF FFFF FFFF FFFF FFFF FFFF FFFF FFFF FFFF FFFF
FFFF FFFF FFFF FFFF FFFF FFFF FFFF FFFF FFFF FFFF FFFF FFFF FFFF FFFF FFDF FFFF
FFFF FFFF FFFF FFFF FBFF FFFF FFFF FFFF FFFF FFFF FFFF FFFF FFFF FFFF FFFF FFFF
FFFF FFFF FFFF FFFF FFFF FFFF FFFF FFFF FFFF FFFF FFFF FFFF FFFF FFFF FFFF FFFF
FFFF FFFF FFFF FFFF FFFF FFFF FFFF FFFF FFFF FFFF FFFF FFFF FFFF FFFF FFFF FFFF
FFFF FFFF FFFF FFFF FFFF FFFF FFFF FFFF FFFF FFFF FFFF FFFF FFFF FFFF FFFF FFFF
FFFF FFFF FFFF FFFF FFFF FFFF FFFF FFFF FFFF FFFF FFFF FFFF FFFF FFFF FFFF FFFF
FFFF FFFF FFFF FFFF FFFF FFFF FFFF FFFF FFFF FFFF FFFF FFFF FFFF FFFF FFFF EFFF
FFFF FFFF FFFF FFFF FFFF FFFF FFFF FFFF FFFF FFFF FFFF FFFF FFFF FFFF FFFF FFFF
FFFF FFFF FFFF FFFB FFFF FFFF FFFF FFFF FFFF FFFF FFFF FFFF FFFF FFFF FFFF FFFF
FFFF FFFF FFFF FFFF FFFF FFFF FFFF FFFF FFFD FFFF FFFF FFFF FFFF FFFF FFFF FFFF
FFFF FFFF FFFF FFFF FFFF FFFF FFFF FFFF FFFF FFFF FFFF FFFF FFFF FFFF FFFF FFFF
FFFF FFFF FFDF FFFF FFFF FFFF FFFF FFFF FFFF FFFF FFFF FFFF FFFF FFFF FFFF FFFF
FFFF FFFF FFFF FFFF FFFF FFFF FFFF FFFF FFFF FFFF FFFF FFFF FFFF FFFF FFFF FFFF
FFFF FFFF FFFF FFFF FFFF FFFF FFFF FFFF FFFF FFFF FFFF FFFF FFFF FFFF FFFF FFFF
FFFF FFFF FFFF FBFF FFFF FFFF FFFF FFFF FFFF FFFF FFFF FFFF FFFF FFFF FFFF FFFF
FFFF FFFF FFFF FFFF FFFF DFFF FFFF FFFF FFFF FFFF FEFF FFFF FFFF FFFF FFFF FFFF
FFFF FFFF FFFF FFFF FFFF FFFF FFFF FFFF FFFF FFFF FFFF FFFF FFFF FFFF FFFF FFFF
FFFF FFFF FFFF FFFF FFFF FFFF FFFF FFFF FFFF FFFF FFFF FFFF FFFF FFFF FFFF FFFF
